-1127377232
-662985493
1685789117
-1407169533
-974165648
1132126885
-1612581161
681281807
1215219210
-2054454216
2057164967
-54750041
-802398296
-774275056
-668639740
1936138303
-634592200
1584373737
1986296633
1820735232
-1752933274
742194100
-329146748
205932828
647873892
370729167
1650866861
-1135608319
-1062047622
1184858006
898708691
-1474215351
1454222615
363376918
1778312944
1259966463
2079290868
1473066783
1816924836
-1429553910
1874946781
972201274
1378443070
-791269175
-359918692
1742190681
-1134362475
-743020739
412561794
191351277
2096087794
-584567185
510729613
666716742
-1143228989
1178464183
48172744
-136152146
-278552982
855639716
-1101529939
-466339009
1305773050
-840294775
2005997430
861447328
-1680874009
-280613445
440925800
1370627070
801881135
-1578629468
250537821
1820286375
-2028553657
258678701
2055543688
1360179544
242770775
-1474933041
1431494461
2078454057
-342432791
-2029180467
2075645073
-746996152
-1324940831
-388153788
1563700253
1765321312
-1962686939
-2083051979
1038048399
-2137841473
-1246211662
-1941416444
305050609
1435577433
-777118597
-1549706066
611864501
250024202
-1095992806
-240562614
-1487808302
-1443358960
934166525
1523801934
-1588048812
-529273472
999801067
665752970
914095480
2055692285
-712934958
-1054874239
-890340905
1729068542
123473652
-981129954
-1879872836
-1086709957
676382828
-1508561753
703647831
-436905556
1660040227
2126042419
822583300
1671991648
2135569721
924118124
153321307
-241885955
1342728351
-588398243
1613392686
-806106059
1131859551
-811300900
1006631043
850955090
1144155574
-791941708
-46662239
1820819101
1327959878
977464321
-1272369705
823111092
832736815
-1283573606
797070843
514303723
479919566
-478107625
1236790057
1356877037
1099067896
-196719189
109370123
-1603251759
-1812804592
-1535116081
886861141
-1069751014
-749619627
-138814168
-1206394508
1649971292
-1964625825
1692358854
-511479070
1791381408
1729513570
2002533516
-1276500320
-161510220
1325948090
-947583286
435915113
-1402114118
-160911731
-1240452782
576143709
-1872733162
294048629
1384378599
-1692886547
1802128
-764015285
1582267050
1992672491
-1859588953
-251870567
-2064941580
912575106
-80512268
328849596
1210473552
1491955419
-1231525523
247594205
529223493
338813846
-49879254
1314456250
120182411
1717526165
79743088
1047344110
69843825
670417672
-1225210643
-924431158
162617559
-214210784
-52412341
-370526536
2107582216
1546502334
1803865734
-1928570514
1033463273
-706190041
-334417891
504717889
184588404
1586937432
1912039664
-892774703
-1371052286
1609978933
467582629
-739813288
-450848582
1175374065
-559679230
417738043
-247445749
-556765677
786965918
-2064139230
1602043628
580680081
1894685655
-724864113
-74502932
558966820
-798021970
795073996
-1971326182
273593062
-1053455191
2035600810
-621815286
1925339307
876235586
-148678284
596765859
1989848237
809887117
-382630323
1113490952
-1268090469
1433801865
1213228583
1350410139
1277979106
-327282355
1875801645
-797874417
-1020974158
-782384602
-995022941
-837619553
-188308833
-701271858
-917840786
1761963065
-1762172011
-1109423557
1872602839
-1449517069
-1333511815
-1300950839
1245477150
-516423073
1044652625
-242093592
650838643
173509323
923132079
2114460760
-362831388
280004611
1645807028
-1048040480
1330719750
-1683547970
266410232
810004630
-570340555
-1329121052
-1413459703
-362393207
-1885546475
-132677918
-1859147798
216796468
-1145055862
-759698550
-1457203672
-1213241375
-1548732104
1704199674
2039411054
-1799739373
1705247239
-936333179
1891514321
1739857715
-455919332
-427275832
372668507
-473087384
-879813434
242556494
223043362
-1526143573
1617041717
-2106093853
1143575913
-421632974
1248063209
-714239886
1222333016
849733468
1719548993
-1734675585
1017701931
548954932
-1719376629
1104840450
-1111374984
241060624
1914413184
-1416395322
2144159839
-1311036274
-59249736
-828253715
1925909976
995703336
-177970433
-985386745
198606345
1850498255
977465151
-323705608
-222227253
-246390150
-318301556
-471126722
1908233661
1031346739
-1864437517
-1010705269
660631142
1200739905
-1454003274
-961872212
-752561154
-521911871
-1220801835
1229048563
630258513
-2022471629
-869455050
-618365612
589711447
-1746976420
1708131665
640115810
903636712
-2145909175
-103197956
1459621778
-1332951122
-345914419
378699145
34998534
-1345142368
-918924321
415954823
-953830936
-1085073914
1210121076
-1014311983
809803630
1524407839
-884091819
-2071458546
-59398395
-1907597594
150060107
-1033902789
-1423896122
-1206307329
-207577347
549942199
155551934
733437642
105510686
675595392
1315573288
-386081674
962851351
-1694041641
942961397
-1154453550
144489123
680888131
651814275
-1533218249
-2073715782
866225713
-746911643
285522656
-364877374
442172825
1261667738
752032078
353861515
-538378945
-1512146720
1518108385
-1152387528
-365847466
2016133506
152958388
-1946958366
-1635502344
-726011414
-798520830
1007138272
-1202918085
1097519951
434959260
-966412391
1906111795
252959004
-1956323007
532067817
-1528381433
1931821079
2046709427
1601241255
-525416115
-891748413
176375372
-486893014
-375129393
-754871432
-573877800
1183218057
-499186029
-214502079
-1434670477
-1585440400
-341063397
1775303374
193714972
397836045
1361269865
-799550016
-16126539
180581569
324039059
-2029230067
1353273217
-1496082247
-858659201
934818163
-1958404693
-1295121101
-992728275
-59665007
2134588391
-161448866
-653598915
-1933572020
1648407514
1758894664
-982514767
1499255200
-1051058166
-1507082495
1241618222
2001047616
-1623114837
-1536252125
-1306264217
1202497306
2139564132
-335321884
394274195
-1776518910
777910608
-1234523558
151980952
101656626
440291794
-868326017
183433086
-622842243
-1912354849
83709602
26013918
-1011645632
-212954812
-1737087579
108408535
1059744370
719419792
-307403279
-229642838
1398907665
-1237863855
-1759354837
-1613631615
747097570
1707544693
-1001399742
-1716311970
-1596030400
-1235773894
1355194662
-1210577812
-1525294946
230994653
771167348
-2050636323
-2049275111
2001768449
615984420
-1615285732
1102335457
-1862993146
217587674
1867254558
-1678463850
-2125710153
24865380
807051421
651586274
-709475643
2043113525
280559917
813980798
-1721286192
-251056137
633818562
-1014871012
1303958306
-916699930
-1710124701
-648475049
1271426191
1627510818
1219628992
2009808467
-1691627600
1447226153
-1995757168
1880910050
-459007676
1864251589
1984117969
-2103962176
-1042133522
857174730
1809211712
-1966051538
788514525
248584811
1807811525
1511254337
-2113252710
386195048
530211502
-1918075785
-1031902399
-1013017666
212247270
1528170919
2137849567
-941161821
1761679473
1905289056
195253382
1248564648
-726333431
1115333909
-1555604381
1320926291
2090899114
1220189399
1274569171
-1045747942
-1636020005
-430082084
835525167
-1035062679
-666724557
961040627
149716307
243523466
-1827524506
605899368
1583138495
902180752
-1232565417
-1025055491
