1317526366
-1814576661
1446629478
-855172229
2129158448
1135853159
-26595265
-396008074
-1879757483
-1470792565
1657696666
1829350990
522397317
-1607864078
-762756002
-2118761330
223879748
41550520
118126873
226882534
-221958581
2056027292
-1915051057
-900660639
-1937780012
1779311564
-1982854440
220283510
-530823471
-1474433978
-1767774123
-2126953682
-59165409
-668619578
-927505553
-7063240
1770385410
-302543263
46647356
-1028447200
-932026765
-439655558
-253675590
1049071545
-1390288544
-1273987709
1010585214
-1315041396
-492742067
-547430045
-1233227683
1339862207
1817473423
-1215801255
1445600469
-204041339
2014344915
1732184180
1027432902
1469020252
1278500706
1194888488
-1481825041
1155524990
-1335940289
341161240
508529781
-1735788531
-1292362396
864198379
1811569108
-1719219533
-1924487539
1251446740
1090802740
-399180354
-1077345810
836881252
1418221082
-38977411
757347855
1799727816
1399509064
-1055461655
83807258
-753965588
-1302923679
227116106
-915003214
1070927433
375461992
1552355133
621879973
-1765183990
411681160
-1088799646
203379711
541925934
652509674
1202281808
-1500732239
1680744784
572218415
898781354
582106063
670091861
-1869389685
-45844428
-1782187038
-305451415
-317698762
1893459581
-1578840001
2070643006
412499407
-1264320254
-1446678995
1594266108
1494695227
-1550269844
-157937412
1858865964
223595853
366025423
-1201925419
876552773
1062499102
-1729880709
-1442746672
1393865743
-2061655918
1456383671
2062866916
97443705
1863145426
1242075680
-222239517
-2130864559
-541941035
-2139631186
655015495
434440528
990638013
3871011
1655017732
-481701149
-500068552
30541423
-1323882942
553542678
-1626795844
-580056707
1013989309
-983668244
843508652
-1927826226
1647891321
1693654737
-1468638669
1819729387
-1781493350
1093713151
859945530
-1106664261
154928974
-312689401
2144282559
-809062592
1220611348
-1634383008
-553538515
-1664034654
1186176217
-1615532915
-944249317
-1105547346
-1153373816
-1759009764
1696590282
-1728170886
-255186772
-479596152
-353124064
1457209223
903155433
-528414254
1857972851
-1627923209
-134280471
131414362
-437916387
3441336
560915211
1776421031
1375603506
1326734932
-477067831
565285592
-1303375011
-126633331
-46846620
-878948973
1116066031
-774212041
-1204702923
-758741146
-703843865
1580243019
-241263810
-1735128347
948131194
-2127624003
-1081682723
-311135844
-1619384802
267311745
-2115559283
-418457839
823090014
1216284925
269300570
-754311408
100332573
497892247
56987836
1652997241
1733547239
1932544592
-374519652
-1504295162
657227350
1520468425
475981708
-18927036
1387050230
-781405967
-1432001345
1351410430
-1491323454
412650865
149375778
703778455
-2140419820
1665663379
1233627946
101732246
1264828435
-1961719261
884491962
-589828542
-1503866061
-1205903505
-138242031
-1445258536
927526452
344610287
-1293391784
2006401923
-461517829
1375304422
563116230
684502992
1543444045
1994431640
-1806755276
1961228662
-1058940871
-1286972121
-1397546632
-793171302
-1021681361
-1774373559
566212088
762911250
98898516
-1100739957
2048263435
1797244627
-588190161
1166938283
-475498458
1399195958
331842082
-1456774956
2070930360
113225088
985173572
1978898532
1632842695
1174198305
241872819
760701473
-1788198760
294954175
1294722520
-809126975
-609413504
1844470335
1862843187
-579957508
1996950853
-139116791
695188703
-1770187228
1749521549
-512109023
-1968081307
2086231290
1492827263
-1473690599
1405510533
-1347281888
321019627
-1861498934
-2038221161
-861216509
1028084922
-1177066459
60009882
-711820773
1158605564
2008505103
124808771
-1775971309
2112799755
-35338114
-318585282
1694884986
289282960
2125752406
429634450
-573833710
173530860
1673766606
-643498245
824117369
-172170589
-1767551924
275904592
1466936850
-432254447
-608235113
372832177
-344223052
-442570424
-1008273448
759199296
-670611442
1623764177
1643919048
-390818556
291030234
713000233
978498114
-1770207914
1263119475
1718180210
-1332271204
2093786635
2051041546
493565762
-421340155
-909562352
1390863757
527354225
-430510218
-1737621831
-1102011925
-176221962
1579393133
502260044
254232810
-215670405
199865201
703912584
304573469
1555822594
-1723036120
436384027
-1138591557
54690065
632943310
-918065035
-560519620
-590824396
-1562089242
-1475816668
-731163137
1592718671
-829733833
601771031
420854377
-529221520
-1200044999
-444640594
-908677217
845729529
-1344458862
192595352
-1590616335
2012118167
2145017370
-555830602
-886349662
1873869122
-1048598861
-1119868118
-1801760778
391052859
1582686613
925599393
-330751550
474059152
-68568623
1695415552
-786095111
-1299566631
-101678993
-189977178
1206590136
-1768069968
-1226130111
-888044622
1344964367
1717482000
-911883736
-795768378
-1506305335
407714192
-2094881720
-809760677
-406475001
884708390
-15840154
2007578479
-718163758
1862443854
-1336171500
1719689999
1186189267
-717624021
-1194802021
-1449651236
1136381615
418385388
-881806680
-1531886695
-1612848
989596572
472250425
-339614854
1999774837
-1113377466
-2014241326
-2037436023
-2065358697
-63321957
336853855
-33366256
691994406
110967381
233309234
-448082070
826701761
-2098205218
1456476233
-375038236
-267001425
-1060911594
47257143
540215322
396529514
1876249134
-429801754
317538398
-1778865264
-1490655470
197468118
-1054025047
792273613
1182062530
134543440
1558728925
-1942325110
721536337
-1890675167
-91439873
1802253705
61653589
1265183833
-1543819751
244802704
993086172
-294276840
-636194310
540003
-1640447423
-1415651081
1521887128
367001206
-988996891
-152352639
-1393342369
1903364762
-1926046222
-1185756371
-2130110000
-110685228
-619142081
-964196147
-1968331843
-292876995
-867524189
-1474149507
-2136210052
-1059410138
1087529111
-1004565232
897140585
1251634664
-2136667297
2077781353
-213016159
-219309167
709771370
-1912143461
1754407001
296685594
-847859923
-1835678920
2102579197
1736448946
1350083270
-968558511
-32822666
1705803796
-1239340231
908666114
410921675
-1455643211
-851655272
-1497850219
447731732
1863082243
-101805387
1266763949
131653099
179398828
36307206
1240569330
457429074
1490130321
2030030096
593883990
2136302363
2111229366
1087960792
1520002765
1434189992
-1941634645
671592684
1106890117
-1730823943
-417197687
-2072268634
-2064555915
145318598
-845368731
-531616344
-1272136905
-1095805450
-1903092108
-514818035
294322642
-1767740006
1122815204
-1958246591
-1518001560
-1967047488
1577357441
1721627528
1615661530
735722890
-1299912508
2143951621
1306146941
-718017200
79757019
380636787
1230965965
531303111
-1453052551
-230775184
1003010503
1773365778
-1519640757
638417808
1283750774
-1133723245
1762521321
1792775658
1198645695
959300212
-702209824
-1122716356
-856927459
-358704126
163320772
211141594
-787373668
-1794620206
634109295
68762752
-253621707
144336854
486373685
938161912
-416995603
-713058260
-10759912
-196435780
358674461
870024692
1273811315
