-1945774945
517190976
339441768
-22199705
569870694
-820355816
-1602039486
184754260
613266338
217636614
-372623091
1973437910
777579789
-1283061421
639464717
2081358528
218352470
1957273943
1901859796
479429856
-1617283899
1525091702
-1563000945
1079388009
1518070181
-620247546
1815535507
-1690133909
-1293680166
-820563657
1803583208
644617627
1247828294
-1759201566
-785462962
2136549645
-1095425740
1590491960
-333767320
-364518016
-495905038
283269148
940886806
171443466
1009916505
-2119836608
1346166575
231838478
-2028141208
-1876121998
921956115
1743298204
1617453422
-1060379784
1972510746
1953397900
-1422792035
-630237483
492053198
1390296894
-516412032
965207421
-1922974226
1557169144
-1832748979
413590936
1231956586
1656348427
1335606222
306888026
-1279164130
1219354876
-426585370
298872429
-838806833
-584015979
1369840754
24944723
307004342
-1999651979
916545062
76911126
-1048669828
-28988501
1685844299
732556039
-755657797
-1428309730
-115417248
-2107576134
1426920171
-1308744492
-1944088765
-1846995979
394610202
-1835089378
-1452580996
-2011694874
-180315194
-533451944
-746996224
1842319277
2040963038
1492801973
1625135902
-2085212370
964228330
117344735
-201943366
2141824103
1529462058
-570380811
-1112030314
-1343363667
-1540872658
-1453174278
-845852296
-597490825
958773910
555400799
922715480
1223392897
-2141008392
113372190
-560003131
-263853080
1980413919
582998894
-236177670
1258733706
2035995114
-660692961
610181347
1383745377
-257085556
-734758841
913029618
-1078145040
1903807372
-2041165523
-749490097
1181651990
355948631
1645647827
2026765292
-658295209
2089566914
-473581197
1995713839
-988331604
1995668996
353740958
1841458429
-484182864
88126797
1280160253
-463977191
-1035629688
-379551322
1129464021
970819958
-1451192473
1604544477
-1603609374
21917006
-1281940375
1715942991
-127158461
-1123288095
-1566352334
864246734
-1101374527
-1567468004
-742062164
268041043
418136297
1425783612
-107850501
-2043569529
1898301896
1394479681
-1239899410
692157434
1384339865
565217091
-1601596166
56612586
1632117941
-1241513444
-54541901
1856500340
-707036448
631791107
919642563
-1401154986
533819205
-72083847
652830608
-707071560
298926465
-167111058
1078879831
-321001531
533268838
588278706
-1858760878
-1736770880
1319649424
-1847863961
1909362199
1565276597
429084113
444060135
1141394409
2110045695
1906378754
1470373727
926551333
373169667
1921547692
-1854285294
-2016466486
166626981
-687793112
406263156
-305482004
-1191073181
796967082
1849940225
742482156
-2076748938
-718854661
-1137729561
-1908030580
1872182265
1940375848
-6049482
-643689931
-1125088482
72065183
-456421800
1242678428
104173209
-820731252
-1689715285
-806211789
-1695273151
-808636313
-1311398770
-591969936
-1528595974
-1926183853
-172713547
-2088128239
2140535374
-1083828718
1722329262
-1267790692
384296604
1613102095
-1113156192
-1988512223
420758491
-719337862
-1810289935
1127161246
993864229
1456962856
1606140044
-1138584247
-2112623411
-1053820570
1489364248
537932310
1171064444
1164996597
-1327680394
166646342
1747890294
2144434968
1905482642
-227861476
-628847411
-856520634
-1531196492
1312389298
1877057696
1510353929
-2082201115
-588518743
1468690442
-1551228784
-951058243
-1355742970
227852855
-1697238059
-759631073
1031394425
1063647805
-1501030932
-1400220540
-109371381
768736956
-1164939642
-1642027233
-1123252306
1947665982
1603355590
-1156125466
-1639943955
-1704860524
-1094924568
-1503953054
1397305046
92095249
-1970536863
1632541265
1817904345
1656536155
-915809926
203118488
-1889308351
-1768562802
-536686993
514125224
-1906029727
518390095
-1152417332
-1564244673
1856951620
-434189368
-890301036
1635607034
1282286630
134425296
2054606269
382310331
1060984441
931300561
-1492292284
2041095538
1898009521
896906279
948125698
-867139839
1118634772
-295313579
2093389808
1279630854
-169773947
1762937006
1684314677
215698298
-157733335
232351713
-1875377218
-2138199268
1960693580
1031022805
1453193803
-1919373677
1201825420
-1078513239
936348698
1884042505
1983480813
-575468402
282770266
11934566
1483568678
931748004
-287385555
820548999
-352347544
482107600
421212987
-1819797713
1560344512
-550646202
2121142413
1770453989
305190145
-1254512131
-666440401
-633328454
-555362621
-1445851107
-491636211
-1485293976
-1183554150
1750571100
268050637
-2144276741
516519187
762798385
1870645463
304017006
823329062
-138971354
1786521185
-2030168586
2019986774
1950198754
-2056981525
-1473208016
1964893316
-1253899511
1687310163
313667093
998072121
1046036115
1032499113
1769664759
1528526402
-377622113
-1727157502
643997222
493473092
-1516212482
382850678
-1659920603
221685175
1649294703
-546110517
1254797225
-2002099734
1374660413
-303273311
-532808093
582742785
1690587705
1148689777
1040072304
1964577785
1429454032
-685575035
865465011
-2096724860
232395574
-2077417520
-191443285
-859758698
1044190127
-189566316
1058416218
1282405517
496834118
-1033991348
-1165870364
1677066952
1273960532
1650846225
-68105955
-1903376801
-1982409192
-240426503
-872447001
-424054779
1735123758
-2012243119
-1994540883
-225563031
1366724116
1097463777
2002730751
1258486500
207245793
764416478
1149951677
-1256782485
-236591834
-254994539
1857679498
1962064407
-1920549980
900746714
-2022960443
-1746061403
-109061573
972693184
1374972709
-829240882
-353827079
-1586122703
-395272501
-197077567
-1815490753
-995677898
1925939389
1781835235
247547181
-1657985838
-1507377416
-1147286433
650146895
821196728
-583735265
-1175961024
167198598
1585724038
-376143847
-493893884
-65326028
269182243
989588447
1821438266
-1549907844
-270990912
-541597448
-91173214
1631696517
207836168
158045027
1056922835
-2110975397
9562288
-1040932280
-1828760158
-2029590214
1352177377
-1252946483
235325144
-196509198
1814416358
870404933
254077621
87707872
-719933020
246762653
-354522068
-527555484
1420937701
-1782200107
1716371982
-79016168
-1792290620
-1266332109
-489695949
345611576
-2138402119
-1785936175
489597428
510747389
141408322
-1615942446
-1483078961
-1229698232
1834696252
-288598218
-1133542125
1216655208
1294726908
1648177659
-815645086
-459131159
451164625
689929281
46070088
-221808452
-737299535
1145375272
-278416251
1565184614
-2088279981
1488988775
530951110
-1067674724
554568186
1743406612
998339889
1533741511
173620363
-40792596
-418059368
895441467
1368652953
1798077680
-456939744
1556927523
1932663135
1272975785
743333773
-578756086
1472433551
-1825466015
-1473658853
-1386791084
-1801494533
-1542091992
1922294385
-2111258256
-829162478
1023349693
-1974490126
-2063752366
1385758946
442171985
-1357693804
-543447551
-489081033
-190299644
163693320
60415561
1212827178
1452710243
-1412682570
1925723241
-1740714387
820926513
1453290248
-2077717307
995201958
-1071611598
432646711
2142408847
-1319878844
57238790
-398830006
-1107390376
-623877798
-1615897215
471131406
-1826082695
-1967326487
