-1568810424
-844627508
1542818004
1731751210
-606816421
-615447567
-915480645
543163522
1627262032
1610301211
1980444214
234661199
1023019949
32386931
-1141902482
-385186602
859446211
-1234179211
92547088
-1393846782
501688464
291433913
1522127745
-282692412
363065229
1193935603
-708181917
-357460872
-269581942
1195766885
1168304431
2098987368
-292577450
1646237301
-54986204
-863732094
315184097
-1335234345
-845350631
271604762
-875491288
-618487850
600068429
358741328
275097398
-176410823
-11949944
788007627
-1273472674
420680333
-2007911153
1719915550
-301948091
-1138622540
-1295509355
-1732208253
478203324
-1957327057
-1258696313
-1386873619
1795286413
-510815755
-405673401
1052281177
-957757976
-1376439682
-2142162672
1835918286
1514491512
95378989
-35833439
290182886
-388552424
1557775019
377863183
244566228
1910269741
-383732941
-78361563
-983206317
538803944
2091426354
798627980
-1452200659
-2112055709
1454400628
777832599
1536477875
415296191
1054567745
-251917123
-636760932
366620999
12331164
-1109145275
-1490431036
-260223060
-811182172
-1962090200
-183354590
1122050862
2008650489
1041231030
-839695658
-454053975
348058874
-919783491
385301915
-139863135
-1396842792
240208132
-2393632
1173605269
-1221479775
1270002878
328888135
301268584
1982547016
-889997223
376075749
1862004594
1127298322
456878599
-838937968
-789705749
1824681805
-696852394
-1661486202
-1468612150
-1570104350
464981025
-1567485832
-1362881033
640023639
364079173
-1482266960
570042726
1484842607
494183935
1718598864
940964465
1069603689
-2001388457
-412923141
577310066
1368864907
-1686409329
1151440339
1462411109
1178546973
747017881
-1175670965
397277998
704816581
1079673499
1853262744
887724456
750933751
-748720179
-121522469
634896134
1979616886
986341247
1275223601
-1798354584
-1770308034
-472963093
-1891548170
1763658259
1876634881
-472080935
-279531103
-223469071
-1426521672
707286690
1431824008
-2024530740
1556690247
-1518229898
983204576
-1374055812
-930900153
600814977
1414768927
-1088310504
-883675210
361278633
302701269
-1651061962
1856694678
1547139625
-286944985
1751714942
78206160
-473312084
1028259800
101897796
-1665714118
1905493359
-339601097
-405547302
931624069
-1004927047
-898200227
1846892230
1285067206
-740375244
-296008595
-1373583899
1936115050
-29155462
-1260157246
-1774663163
1527997679
-46555868
-365940156
1775147019
-1536247437
-720647609
-1182810386
-56653911
-418293236
-1437180377
809936772
289491654
1503669436
-1249156700
-816202735
467199745
347062293
-197039154
-927565964
570145916
-606461258
460520976
283034959
1899006426
164244541
621718651
-1653482454
-577748623
-1229729419
451170992
-536658992
1451995230
1760843789
-1488986493
546679285
-963932984
-1928068837
-1231685171
406106007
-1131299376
1297569261
-46550488
946283770
1626920872
182984667
-1509986168
1876411026
-103302331
-1165959271
-1178849276
2029215227
1962503358
-1860328099
-1488286519
-648906494
277976908
-9788024
-1448468763
1276212415
1595720573
-1351753945
-2024426618
901133631
849455680
-1598064343
-980095840
125179566
906880453
-1734655252
3043206
2101881284
481112107
-1310240595
-1735634067
-4556630
331969768
-1774822883
1899173461
-374969353
103895144
1621162927
1243252603
1500879831
-2136394855
554014831
-472086225
453428598
465408330
-1540111750
401243389
-643717613
-75392546
115817919
-2134209987
-1401240329
-1007598874
-1309657864
-1225224858
-127481336
-107636915
1942987724
-582303492
-1119923667
1019671021
214295453
-866063356
693049786
1631296490
-875746377
-1253996239
915769666
569004922
170939271
166993684
-1178557485
-377503629
348218012
-928670961
-694615008
1115350334
728630384
1637081834
1417185048
-111991612
1368407619
759997388
1651271295
574291096
-1021170052
1613877989
-1451292856
310397265
2136631208
-299095924
1592555434
-586365559
1303553884
-688919093
35651421
-1431681983
-612783994
-623228996
-1122613466
777900037
-116232642
-180511863
-551411176
-2023826084
793455043
138926004
1193954513
1063762522
-617130711
-156590559
-531802318
-1844037612
-1394937225
-1586402218
24726630
323799214
-743782238
-1112674407
1436616537
-1572135124
540490450
-1747228448
-1033556880
-101715628
-646344840
-23912105
-2098175408
-1716034097
1888823213
2071008090
405333382
572335437
1834952990
-1567003684
784190550
1531304100
387593102
1452490327
1828127117
582159750
-634076604
-1225061669
-251614788
-1760049861
531441892
-49002141
-1189300024
-401522908
1888379255
2137072649
276787465
-134721966
649675989
1238283070
1261795158
720066515
1109173743
-293772276
1556523254
-1133937683
-763905888
590687881
-1787617897
-302007653
-1684087331
-2138941353
-1409639917
-334155927
1473169695
-971095786
183319623
-565761169
-248088730
1274451571
535983574
-81414624
-664464386
-1658868966
2002078278
-1251172390
483695182
-518695902
-1752583516
438130216
-1636007738
67848473
198660244
459371642
-1639967850
-811515023
-1818882480
252533920
-1258868754
1085049190
-1127043037
-97331436
-1722281000
131894129
-169097580
1536062744
1293925143
2006377984
-49800414
1991570465
406141868
1032703511
-1962056510
745527406
-153413060
-199002296
-700098247
-797125189
11980576
-250983045
525323473
-1517484782
-469877949
1252285666
1321746690
-803880213
155962340
164970110
1380586116
1772490112
-949635542
-1843374209
657608786
206042582
867780497
228641436
59118480
-245452187
1994269252
766976770
-719558404
209222371
-671559961
1101435329
1371736921
513454608
700785398
1868371731
-252391742
-2084806104
-972985977
1504466173
1945544645
1206636183
1406102654
-2079551603
160009533
-1847801715
267022013
-52090306
-1056291947
1191573773
1851163572
-1726577374
-1820581528
1458793631
-878259564
842582305
136407363
-1068875561
-2121320463
372703567
-700711419
-1411872877
1698366572
984689943
1127367112
2051659615
-530211104
594346826
1633852784
-1325602618
-890049170
-1385406503
162253946
407026543
1417159790
829713561
1642182446
-1245678261
1588585413
1383618888
29866745
1120091931
715232969
-150338194
-1393361955
-179947445
-1837306915
1376998283
-1922946852
-1133519077
-1952813505
-815248274
1939198557
1145939447
-714070799
-1358508296
-1778105211
2140835893
1523620597
-1268204729
-1941925381
-45997302
101732235
-1910603967
-230427067
513126050
-629583203
177094760
-1672721200
-719866657
277972066
-92168305
1583762933
-1587575675
16659051
179148384
-469687415
219953537
-1327526078
841035018
1001356914
-1819027365
890417714
-257973642
-1086801181
1884361157
-1601309849
-88101463
354581156
1933802324
-1935317016
2135325585
-554481857
1852349529
-1601893492
1347932659
2045218075
-1959124658
-1004463265
-1713860656
875322524
-749255550
-772427462
-219442893
2079325915
398989035
-620920178
-1141531031
-251564815
712470237
168342889
-1467603400
1987118991
1592877098
1580416183
192515754
-123439167
-1144561792
732841306
-337237609
1198237747
