-1143473248
680270358
-121257025
-1927665609
-1958761849
-903490237
1591978297
1343391313
-497553847
268650943
523864173
1947905773
-1387255482
880578260
-400923501
-110656212
357415280
362082393
225349924
601036081
-1712822705
-502519041
-341259957
-946199177
-1960842233
1737993285
-1961398693
1287680369
-2023319723
-2008381060
735515823
999394277
726217620
777117965
1909951425
1172184744
931609612
-328828921
1800744946
1420416015
925480570
-1868789016
1374634761
827650089
368381163
-850987359
1192144754
1652412356
-2071182368
-1852200556
-1713034252
406381138
-444155005
-876883275
-1213800885
-644975856
-1838067232
-743991281
-1075913589
1619898922
1915059561
-792097618
-1780705017
-523431639
1912261220
1636212144
-200393184
-623756425
483423008
1210308227
-2062623571
-1564582721
806909502
1599207168
-74105279
-1523499640
783560536
-1860801842
-1291977272
-1202844894
-1375255206
-278347916
11383160
1272488327
1618110579
-806984898
-1018435389
-1397173963
1328312614
-895551163
-1600935674
1423830182
-1808337293
825913896
261077677
1415198667
-884053839
1808322135
2050199069
1827069196
-555694950
-1270070719
-158349488
1196740472
-373493393
15820183
-2040124259
1996309904
-749989245
2036564747
-850121360
1491873760
-889031156
-372391749
290306249
-62409682
393764426
-1172337286
2079867785
-1294112809
430906502
-297317642
-1678828221
953346635
-352311337
821193345
1144527693
-962850155
919192667
278843409
-1161519739
-533508305
-575947638
1779544298
570581027
-2098114515
917413917
-492025183
-1485649934
-2081827053
-1256840495
-1624848012
1528046106
138236143
234010192
-1918310983
-1679506759
728588534
-90294761
-308839799
-2111586926
-1242788643
405152087
221984100
2011142369
1026295164
783348104
216335729
597831682
2003666072
1475687974
-1578037525
2040821644
1862564868
-1322685463
-633544949
-1153535734
-872270968
-259195698
1301366788
910939237
1817411453
-482915409
1382615280
1398602185
1883920307
969792371
-2064602452
-1712717686
-1804768964
-2038704426
360563459
-507811634
-1879631219
1929468692
1158023012
-1423896482
-1205422591
-112530907
1949440967
257006736
2135351678
1907162835
400771040
-2106678728
569400622
-836538797
-1676125557
606245682
1234119936
592243014
1264166099
-35585941
452138166
1211998329
-980698212
-1943968159
936450287
897261276
-1386767129
1996284025
2010089350
-486485194
-918875538
-586240496
-1048569227
-273945515
1125792377
-1590086251
-1842057914
-2146168843
1434211056
1530542254
-24677397
859346119
-2120262802
1807812524
1807546674
-378374358
-1667071861
1251713528
-808704889
-982918696
-1645776474
-980378035
120556206
1839413825
1089317723
-657444709
-1154389126
1028569668
1436191110
-198258906
-1974200085
1632659720
-1663183850
1479459682
1704350583
-477274817
-741473364
2089075546
-2014211798
-1381245723
1210548403
912539703
416568721
858631254
-53516739
1989078806
842780692
1478955982
-742964215
14444914
2024935160
-328720117
590846146
1263379703
1548343116
1028763369
-1614125343
-403691895
1941943003
-459401057
886467783
-1910737090
-665419928
2087524832
219575213
-21745248
516644541
506787446
-1244764375
-175269654
287357333
1987596158
-1429665104
-2063557007
1928016286
789822554
974876078
1682870696
595710816
-1763568608
35447328
-392880209
1258855420
2040187246
1046766518
-816868443
-1389145301
1271030486
-1165641312
642791667
1412298466
-1411322415
-1881486247
402754594
989947420
1023011561
-35728901
32987368
-441912401
248931059
-781501546
-744122355
824863071
701467224
1472655508
1256537667
-948454621
-1186655986
-1049632651
-238819886
1885995116
1845288684
-711841099
-1601567085
525418535
671858905
-1665420552
-1849296227
1239335305
-772188413
1367087467
509498372
1688760044
-2054184634
-1465151468
1235528473
-1461429285
1414566793
1096423801
-1594181694
1991930300
-2044708354
90413521
-1618211939
1412956298
1240596660
1280322510
664842157
-792756868
1182553682
-1684698675
-521150221
-1824599813
-1982159138
1944721335
938356365
1238623028
1864859618
40000732
-1742150845
-1920792822
732362888
-1542065429
280693889
1413294979
-444558184
-1674296273
421129406
-2053373709
-1850784556
3059141
-474825386
1987783460
-487796383
-698708064
708637326
600935336
-1308851212
-1655575927
-32740795
-313971847
1973928736
-612598875
-454443827
-261119765
-197793212
-1755441351
1173262848
2008713729
-1951273288
-2038347587
-159311959
390994998
-1776848260
-1373995629
-1106355902
1418527027
1597126794
-53344127
1978313367
-720962363
-1584095457
-484873895
214343073
-583297492
168533949
1671232547
1472860327
-1133177020
-1767368824
-1279254339
1494327218
-726861329
-274775250
1949712670
-213856761
-221979181
-410094212
-1495194901
484398736
-586500323
-1677678674
-1342391505
103849376
49902690
-538107032
-1079772274
-1328828831
1406585571
-1407620468
-574105107
-1942432457
-1373024891
2070024554
-1679600521
-579458228
1656453468
-189732218
2061017494
-880578167
1077945383
776078488
-1565565507
933104069
2002277284
-694933194
147572676
-2120984549
-2108177170
2047074235
1543273603
-1182116475
365160106
-900044062
-443215869
-270717953
-436202752
-1809193916
172632470
1374217193
-1297454271
62140296
2084122862
864742518
1864766699
104898355
1425176757
-1738962684
-843059024
-1938412416
-1880268876
1824296182
321424570
-614811481
-1371490756
838882531
-1264883807
602028108
-1492826058
-381164894
-1100592538
689389359
793981635
-1822338997
-249676795
-1624540309
1588869742
1429801626
251210980
-1958156178
-1918143534
-579831227
-1417478226
-149343034
1285605972
-375739444
197453634
1060140163
-951273157
-627232500
-1456245614
70233374
-649635223
1485141137
-660688392
-1777007530
-421481741
-1502181279
-1758408207
1476254017
-889320449
-863207265
1615291569
-855786900
-1956089136
521810243
-1825021711
-902836004
448299670
-1974370196
1630480030
387428497
483832302
-453025713
-1409785344
508108204
733161415
1162243434
-1671507338
-1359244652
-390131864
-429692199
-1692834109
-690522932
-696453378
493475798
1854009020
-1910379246
2001554743
1038131396
-1987387937
1740241804
-1116716117
1728182264
-1180286866
-1246048476
-1376307471
1503795626
-1883939743
-804625373
-1808808449
-619871635
-457186071
168633729
98716688
597464216
468954886
68382471
1007382064
554094583
243522539
-1562972034
1879071870
1216651505
2006854385
-161433309
434685940
1378799648
683053235
-416742332
1105105489
-1046619542
39942391
-473897159
-834155351
-1859179042
199978848
-1574393323
2031330089
317867769
-1150749094
-1631337497
-1833605175
1370691231
-1531662588
-2085625170
-2061263136
-444335699
-1038034780
218342916
-1117770720
-851933815
-599913459
-1999550644
909574
981792662
717301107
1901461686
246697859
-650934438
-590390330
-1680108802
-275956568
688646576
74195890
-1624463299
1816063802
-1553990474
-1504802520
-893235151
-126102783
81964004
72003323
301723600
-1014819446
-543881540
-871854407
1325160554
421035213
1309909389
457588130
