-915651392
-1033365313
-354589899
-148177174
-1349896126
1139284988
-2003639473
111712771
-1590949598
-2038414170
1449687897
-2032112408
-613733630
1249635754
1863691934
-2033553375
1194542883
330484336
-891763259
-1667709073
-2022058648
-1816847638
1656464740
-371048747
587624345
-61938734
-1500296741
-1438293826
1105218160
2110098407
116833244
555496156
-1980700149
-261785131
1031781705
471940367
451965041
1218550020
-222564601
-2079833015
1202616167
-1996070435
-330397008
426380569
870052109
1776208186
1999402957
-1705224067
-447811454
-1038060964
-1467505145
384267679
836496002
-721787561
-13666085
2003356505
1170866643
-885470098
-1024746250
-1973417609
-1762921171
-1620729517
2060970915
463405134
-957185531
-2039823824
1192127679
-455150329
1393166941
-1456097320
1325397792
-1765287809
735699107
2114454440
-1601319120
-1138551640
265169500
-980720120
-669981361
188744501
-1969526557
-391276764
-1323865458
1398225311
806939626
1060402943
-963521032
333778724
-593652466
1416749528
2007515182
-2049425019
5805229
824641386
114989125
-243910267
-1450099329
1033649941
1062690730
-824418472
-1549992522
-928695747
1124721577
1100223018
553742635
791782052
1876247038
-1438226291
-1348354338
-819992371
1820273695
-1576277218
-1574715511
111668926
-270035084
-202247408
-716690983
933530862
1895789987
-754788161
1265407423
1223689146
1326400800
-1111377564
195460536
781066228
1117264245
-1120973909
-551965245
1506622704
356445160
1247434798
-1158293974
1612210145
-426191793
-2012547206
-1340375595
1352460360
1885029417
-857843320
1458696226
-1276278556
1887114828
-1009448889
-447303446
73214217
825104008
623282940
-1693621910
1671470349
-1107907688
-373127501
1954076621
-611741771
583551652
-1604097250
-1691439279
1866136243
1077426157
1215555022
-1576699441
-1379214523
538817585
1657686649
-1392792870
1480531454
-17202577
874653842
2011062410
-2086422986
1451656522
1364716154
-1919960724
-1695884382
1414923365
1877442012
-1282183271
1459981093
-539553145
914142272
39641175
1214005877
-149054566
-319429889
1439217243
-529957541
353075861
-851907065
817856951
622400108
-1232174469
1991610899
1025017063
-37231856
-28679367
673943763
1386530157
891246988
-608965783
137317628
2025520115
1992912565
-328851079
391731570
-621103749
1382706390
-1168307774
-1684327899
-81230506
197163113
-360355232
1574574775
1703710084
-1163419926
1673579100
-761212660
-1727617709
-195342987
-640080550
221863507
1682319213
254748972
-1194404698
1116560771
1946486264
-1260434801
-1563930600
-110268310
368338712
-2111270356
-560655901
1829659630
-360067577
-90835914
-490406731
660715609
1300697727
-804916526
-2051299098
-366200476
1802322781
1635101508
-147917238
-614524458
621969348
-1635002175
-474499649
392315257
-423174785
-635208873
-1160275824
1645527414
-1533740848
-256863763
1449513238
976138008
2090518620
1549794292
295203980
-722116144
1181378128
486983871
2017451322
-1179116838
779171691
1416316133
1359014301
-156236872
-476423473
195734394
-1284533913
-1512251039
1269799701
-112397475
235788818
692886821
-930457587
-1136870173
-1849187799
2022363768
1534466229
-1183391694
-384709711
-977986713
-1985781020
-901220329
-412048159
-1378482022
1041728295
1119168290
-262627856
1946630521
-2004193312
-1480692645
-702682766
381557856
1145743488
-1995135553
-694788509
-1658101239
138986341
-345600071
-200498575
-955041219
-1445506015
-1722737577
657613930
1296069423
1168610695
-1798305082
-1635421656
-813926279
-1357741673
410499593
-1055426542
155553849
1525308286
1867597350
-1484594926
-460917369
27800847
806279452
1120449047
1187097646
1713411994
-355502719
-1413628086
-663028435
-1877389822
2090751265
1437043727
-1528400975
-1383409937
1859063265
2133905860
1700607755
-2140410041
-1299339996
-1436628926
1917118976
1823291386
-1895562486
818607842
168380435
-578444917
-247133313
2039234052
1795712367
1533356439
-1679283385
-633878454
770444849
-1287367729
-689605486
-991121178
-1079789978
109119436
-1035027272
-1034283345
-784353033
1128583303
837277219
-2043708305
2132703216
296735073
1375266186
-1688584306
957551901
676784118
-965431055
-247172232
-2075821110
-370764453
-26432193
85913722
1637759525
1773750307
-1063870650
-896413738
-1847250039
130130778
-896096632
-1260105999
974594381
1445277833
-1603921562
-415451985
-1627643063
-775654229
-781415157
-207720064
-199864350
-2078113773
80071991
737751238
1874230207
1867655595
-257338284
1197329299
-746481540
1890471473
-662649498
-1798618296
-553172049
360509763
829112252
200654672
-861798185
-430303372
2117415908
2027688970
-296368346
-2120722834
-1549348734
2115827653
-1346794282
-73892778
2007126832
-1782586162
821546894
-548177769
986058421
187590641
1586179495
308124929
-1277491881
-515803070
-1184094909
676025615
-765377414
-986053585
1976241356
-1856305207
52135851
1871736770
-566217755
-891925192
1446232443
295600025
1598721410
775426396
1860545448
-1634473051
-1189572787
-142059238
1741210902
-951857739
1961093772
-771720127
-1155685019
-1730359352
24954085
-2071624959
98934276
1341470540
-59710497
-2113810003
1122330025
1238757291
856887452
1051166283
789394525
1817327877
1838352335
-63009931
-1470870650
796325460
1867177021
1783022055
-1971590999
874941107
-453093399
-536863780
552837468
-2036657856
402979843
-2067381608
1539635759
-1135759735
1589450008
1301565973
-529132043
-544438184
-2038141483
334412679
-1583102788
35460832
297754105
-327940765
-384817648
697319163
713981437
79414396
972607271
828634177
-376129229
929713362
976239570
-902665470
1844994987
266093487
90760725
1176390544
-647380152
-2016587382
-1007230715
1438216396
521882243
1558304112
292350886
-787570492
-825557285
706112899
1139639675
160984705
279252180
1095931329
-1412753880
-2140963935
310132624
-1138395845
1900838702
-487032949
1955196461
-1112322080
-1052865202
577984479
-567900472
1481898020
-1892193292
-937105281
-1287088385
-825814546
-687506481
-1642971366
-2020765707
886783332
1668430931
562054136
-1243590109
97460672
-533723785
695316025
-359543529
1290467969
1293966215
1364859981
2013333786
-1130301288
55495062
-127994526
1051038327
1373616685
-1651475648
-1125948807
-1415686926
-1458276389
-1877283311
1570345994
-1185698166
1211560067
-706341345
-1280108627
-830485823
-1050064325
1018318783
1182760204
276906086
1930580294
-612077126
57333683
243507946
-1739068040
114246795
244577099
367301486
168799370
-227151439
11972215
-2009813801
1597268877
802968730
-1303266698
-1025050081
-2031121554
-1602343118
1506453301
1924598351
-447424500
1191420123
-1527636810
-2078984675
904479537
-215434577
1850507143
-2109674151
-1194701699
-2020468528
714483994
-172841015
1946838478
348934657
1527710902
1045547339
1091300124
-2052873370
-1310553052
1872091215
-1408291562
-53365361
1691777431
1030360802
908801623
1314352205
-575704868
1719443224
-639341362
-362134899
-1157986519
325378261
480649161
1997958033
-1971435069
-1241870740
