-405021496
1353704947
1724620671
1450763152
24605812
1262178743
1575743824
1161593575
260466234
191146298
-1324704267
2106549082
12626257
-343740176
-1314885588
1002707456
-822272214
-413638882
-978240871
-437138932
-268208886
1506858510
-359966885
-577022341
1069446233
1596567972
-1528390179
1255670281
508440932
616185438
955984171
-1008725844
-1037712664
2120504099
1159172770
1884361953
402065630
1327750585
238441156
-1522715289
297312478
1563891262
1040800777
1658709936
1544157467
221732296
478483032
865590602
1516356164
-1555179024
1449864107
-230493422
-1864608780
-1448765265
-1706995435
129852192
-1704606073
-1654948698
-205136615
-1406699283
-1436261585
-1092439035
-627669604
-1858269575
-734062322
1399432688
680958905
-939942290
-2117601382
753218583
-1211873639
-2072059474
1652295059
-1051351171
-33644898
444689807
-2047177701
2069171185
1170553752
-1162071576
-1120781463
-1720004591
-1114140132
506344752
-581598281
-18586762
571993744
908996029
148972271
240624254
-721862140
1890536302
203259734
42081339
260771067
1697928865
-2029604964
-846215729
1842031075
1999977382
-412121086
491558158
1084697270
-1990771587
-436594812
-1228529423
-644076934
1537479330
1425891127
-1350946955
-1989253367
749875911
-108460538
-1238822176
-1756358581
2008400148
1080139316
-1017794133
-1186736467
871442415
-47102037
-640863646
1132740998
-244565270
711164247
1850189983
-1225530349
-1735642928
1581622104
627377801
-1279079681
470110010
-508068576
-1844260637
-1212168100
288980095
2059464074
509711738
1696713445
1756029823
443750952
1638807709
-148803735
1839394331
574338160
117086035
-1101607801
362286176
-2129714503
1272894753
-1634265410
280669446
2089758453
1060079041
1127762947
162418390
-757774598
935804003
1481975943
-587382797
54197607
1685165080
-1731199090
-833624562
563639042
-711269726
1830232096
-618204525
1157587554
545612281
-1540109029
-879606553
1150525856
21453590
-1616332026
485722067
1739312879
-1432966917
477543983
-567628003
1549274496
-40111542
1717780206
-1910089725
-1588290369
81518243
-778983937
994688941
-779202915
-1831693384
-1004242716
2091681961
-914323948
-558848606
1260600846
-1336633456
-1475399132
12655176
-726453450
-1683965865
1951810343
-678369133
-604071952
1044807664
1163689866
-1308515218
26211570
837442850
157430101
569421643
902373855
727514895
1183255155
1132356478
787235845
-865297454
1827535257
833912850
-1830425954
-1301751385
1703225190
-88808166
437144786
-750800891
-241121467
901570351
-756309965
-2065870728
-1862529783
-1948058833
-1388898124
-1085151105
1236915944
2101315556
-1686178673
-2092892353
1683882476
-1762286864
-771785468
1295488387
-803344696
-138000226
1473008055
-1226089036
1969325183
136737005
983140887
2043470064
888448225
-1558832762
710419257
2095551971
1276513900
-252682547
1795441852
-1700848652
-206878693
-1612748956
1310118237
-906991916
1026204059
-1494847308
2054772994
1522414849
872482741
359529959
-809727562
-314771756
-8494558
-1004770912
-644650141
-1135378893
-1706933204
-919312380
2040334778
805061981
-441456353
1674428792
675497362
-1670833640
50746797
-439110966
1525071814
-1963326694
-1626300695
402991484
-1117689161
-2128602779
282907332
-1036844126
-2048559232
-165082664
2050089621
-6775467
1806662513
1029460707
331279581
-2029204989
993801088
810529241
-1559948904
473369084
-408806168
-1676546844
-2086648667
1353845804
-1365819085
986253115
-522116857
929718715
936913500
-995184327
1487903884
-940058837
-1317872355
-16506870
-1931950360
-1293184879
-437051685
-327480924
149853317
3701449
-1517898603
-1255280038
-503356700
741823939
925358211
-2113418290
-1542978158
1538292911
331704947
-2123441604
642869846
93373268
1891323250
-1434591637
-2109017776
-1942119319
-1374738120
1258848206
2005140620
-1368643553
1915365693
508708269
1862385074
-2024098554
-1401364022
1861891113
2090635874
-1665206095
-1027109927
854574701
-943740216
999564512
-1984776358
-1038203818
-364086556
1238945425
-1606968508
863983379
-1458780713
-314804159
-1489640646
1931979008
-1900688596
8003749
179673440
-803779449
-2038215808
-1297811607
282964934
1680995513
-1408901522
-852706741
-1605817806
-1509390891
411670846
-1854516737
-1064680144
1519293692
1249897617
1356502217
1914641236
879834757
-1684612503
-1477653414
2040763240
609817434
-219866518
-2024351854
1309531066
-2132057752
1292948999
1953607579
-813422484
2057420174
-525406189
-1198200199
-1374924963
-640962369
383205206
-197841175
144882976
-1652822424
-1878598335
278247015
-621346271
-1817948132
761242846
-541616645
-1298589705
620082863
251391764
1049836119
2138941788
2074094806
-445912381
461266480
1167325798
-682077940
521167173
-663185319
-1333545083
-1239216059
-246431898
803159540
135537781
1394190073
620499568
1628655535
-518089718
-227464338
400902490
743619230
-1957637990
-1454697032
-1959584481
-1941595299
349790057
-1322173078
-60319046
-1333559267
-358343239
1780276763
-679596772
-1551274450
-286877659
-1850544583
-2102648749
-656046271
-333894631
738307497
42364134
-1848250750
986011404
-1721307252
967854236
1856302043
-1103495656
-958980353
310911816
-1180772561
307243067
-1332990257
-110642129
1737640766
-1713874280
1936332982
-1509866435
-730856175
1095834708
-628632780
1806510967
-1290872114
2057732387
-452479086
-1597402067
109927283
146931882
615465983
-1654540578
1378340980
-851979949
1238124257
-1248661142
1335742523
1973859666
1107567610
929466074
789828436
704736313
-1608086088
-462773823
1336470876
-2027427461
-663145171
1965838644
-1443015216
801025607
-1831106638
945630175
-830293708
-1017324248
2027145866
979519666
-1770577405
1725022493
1197959242
2030050154
478064073
-858702126
390596404
2114464472
-472611289
-1662408089
1296444114
-938463828
-734583388
536803572
-164151148
-964150855
80971192
190079986
-1883769758
-2049793608
301805575
-2008552525
1278326474
-316467709
349846852
-2042105857
965789730
1606590997
559598043
1219029167
-1651152455
77617937
2094868441
-1298540760
-533252865
1763855732
718912942
-705439974
-35250430
-838740690
691785622
-1248213250
896544545
-550490080
742629415
1900554889
-970141469
1144265625
969026841
1407365665
1200286956
1080179391
-1695029892
28444242
1055152121
-1237777059
589635253
740450550
-999158676
-1871006121
-1963567931
958663364
90120825
1108168094
641300149
-2113819129
727347500
-1870391263
1160325633
248350934
1166915562
166283571
1565794292
-18198520
1817605074
261013576
663082570
-1096913307
-2009239521
-769784584
-294245422
616683537
-809269749
126179110
-1759571017
-120168328
-44588861
-2045331781
686341221
-402282077
-1993497975
-1960994125
-1345924832
-1321173151
367029276
808002060
1859270933
2143205176
935373213
-63171142
-922980764
1830080692
861347213
-80562491
-834309685
-1331991294
-311501203
-1161520771
-1149974058
1956412378
87900200
-1122769399
-221157889
336734310
-1305953251
-1638752284
-826700660
669266326
-1336644093
1671882548
-1255443285
-1386891088
-345421960
-410260774
-595182955
-783664433
-984719678
2136891767
169581802
-622585850
515708707
-852701934
-337824516
1824994031
-1564711360
-2124817589
-1535846600
1009518037
-1175066941
574438215
-2038109212
-361524540
1719487533
305074851
-682858613
-1612360819
1546838146
-1468289956
2087249150
-814710498
-1401880340
-904666198
-1675533518
-1839031679
-279715919
1701443459
1822871707
325075183
-1524759580
-133257434
-531887974
-1585631724
-1612830297
2068177679
55990250
1832943934
-139022694
-1650494515
637827548
1504617661
-745068092
-1336182739
-1931715125
-252646124
-1979398910
1490447653
-2073854160
-317652384
-986651458
1325334363
-1503511127
2036843204
-643684716
1605812209
-1357119971
2123513337
-1573371641
-680949261
1865709248
345376385
1877133972
-2125490585
981592448
-49434152
143025933
1878185813
-1039326473
238352281
-508062171
-1956021429
1510435792
-645993800
-1004200824
-662894969
908914401
1947572511
-1607009667
1156459751
17758499
71009685
1146805774
199949198
863406644
-748426908
-30220588
908423232
-134919136
-1274649282
-1220911365
-692994693
-584695404
-1812283048
384575060
1156707237
1451520704
605405208
-1291581228
-1463934261
1812282152
-813234614
-1242410984
-651546108
423759580
1038296037
-1693144481
94069743
-985332684
1667419349
1710219965
2047232371
2003938838
904485726
-287080933
1831080665
2013959994
798678406
-1097390180
623536113
-2093665689
-1787906648
449305587
733145181
1218021657
399250907
777077918
422123940
-118389240
1849640230
-1788715020
-644873383
-284190084
1893290758
-1361895954
-1284427994
-150986320
1437485752
800859725
472179034
-953631362
-260559295
616528178
-59612989
-644929343
142318539
-1737551487
-1536865639
335432212
305989256
324063965
1572480533
-680021976
397852376
1590112880
-927863149
-365777211
-463058050
1099375823
-648598279
-1467249364
927735922
1172665901
2046160406
-1074839811
-32307941
653287448
1261006770
2005438083
2055105692
1343638982
502302488
-1601876930
-615835479
1238594052
-457657030
1618904476
-136870002
586558523
959162702
-2062694669
-1016355146
956649413
-824818639
-1507988920
-421632210
688310347
1097584288
758029278
-2844926
1820083327
184923730
215517736
571217110
-551853778
740756454
-1880555614
-1986055877
1867077951
1848603834
1630357577
706098732
940077092
1728818678
1325511795
-625022472
561338277
-1352610900
-767893887
1197012213
453070287
156051224
1790334449
819700788
2067483182
-799165957
-1930421343
-766934403
1807216468
407382034
-1359024540
1129718538
1756761937
1573371521
-1475776946
-1696100604
-734920812
2124760659
-637291106
1779954287
-383280238
1786898332
2109093189
-75204230
-238181729
193676044
1133024148
-1576858118
2091132894
-1139140060
-256716822
-1087603027
-2082294074
1812355352
1659280353
1454207028
-1574471949
1144767762
-1591010903
-1419587770
1581981269
-1430686501
-592859870
-438005330
133871203
2026856710
2133496426
1854626731
1916145113
-1137453703
-2027627516
2029431437
-1387043640
346167337
1984598369
1457326336
487534413
-1236473761
1087217732
-1064220931
-892485659
506218918
-1013641093
-1750682538
-110155263
-1557705187
-1993414826
-890010837
-424031890
-1317670441
-166020868
-1287320020
517430782
-635431075
316259602
1642750886
1741425675
362804056
-2082957184
-1560061808
64038948
656267638
994712479
14998604
-1397868778
476492391
258841242
1301611852
1884826023
-773736228
-663175769
-1899532615
595674930
750454554
-801242394
297264859
-2024637313
1336759024
550652130
275098537
-805754580
-1730462102
-1173756185
1065300878
-628274079
164022299
-1872302685
-1736044508
-1554801013
-1259614285
644817715
1958728202
-1818457605
-458923544
-1525885630
547137245
-1225883458
-858095353
1583203427
1967573576
-1056632368
525464230
1507200146
1422390344
894964928
114510905
428204224
-2135070127
27865831
-1652221791
1650805571
-1596042820
1617590521
573188996
-1122615064
-917632972
-1096583705
1805657191
-1500032383
-728242763
1211676179
-1556129550
-660536299
1956115792
-1076324002
378623317
1773972521
-2127441819
-1557378238
1568361749
-1132407014
894770469
1996517190
226111652
-1262997644
-1504951733
504438337
-1600431149
1735184239
1751620554
-1420058301
-662190928
1736052965
1607054131
1395103026
191847394
-159574258
-2041309914
254636769
1187952665
-1556875167
168259629
1965615284
169607909
280764068
644800814
2083369037
-928033098
-1133460745
514727483
670682126
-840590154
555590607
-675384771
116852666
200100325
1262955244
-1668263543
1752055986
-220824657
1871895896
177512174
1457961600
-367695855
436378033
1690257362
1700854529
1370164188
-816583630
-821883696
1945430625
-172683579
-1431091716
-2005433578
-1409535621
264355803
804499364
-839753458
-414359938
376585268
-25438017
1474024648
-1930623195
759456689
-813400815
799131988
123685657
-1613477077
1141419945
666357855
809136954
106241439
128563150
1630000397
-1159267284
-362784144
-223659464
2116026046
1769362645
681147653
2079167312
-416732606
1146038755
1272359434
637970098
-467560917
-1348376991
2095069429
-99351621
2046576348
-440337382
885728351
-442184850
-1731203459
2061134527
-1084148051
1394373120
-1206546011
1317249370
-812313000
699876658
-337035496
-1139758091
-1681072562
-1867992426
1249659340
1967803781
-2049794917
1742792156
1789480829
1037382377
1585109591
-72295969
1851633831
1025219269
-991705673
-1804345062
829512572
869400454
-79453260
-835119697
1758137061
-1045231414
1042442661
-1198725333
-1025881447
1861140159
-1074188680
-2078446787
-289308027
-1657391443
756501014
-2144046260
-182878452
274632511
-728183046
-118924064
-142725924
1032101602
253299227
-289683844
1770405049
1792272935
1659746982
-978943254
-1752841784
-1925365510
1249071124
-461822572
1444557477
860084940
-437756715
-1738059206
-548804594
-1195480635
1600027650
-1635088799
-1893237910
1879356892
357658262
-1385930678
-2038114276
1293596355
-1460586394
173430699
-1587467528
-1720457119
469808937
1117233452
761374765
-1066649813
897472124
-439185423
-1663954691
-571948638
851751973
1013395419
771796703
-756095621
1063724709
-491429817
2134738860
-1065741619
943262572
-1013320894
-1455821115
-1260204001
203933426
-573236432
-1044653078
976900856
100621968
-877936525
804679640
1834819309
1633486364
1954644742
1511170026
883860476
1509847952
-1518106573
825053769
1640176872
-1082299552
-1813086647
1265666642
-1991320831
-7166460
-1105015121
1945417908
1881245013
978965832
1856181807
794093155
344674968
925295751
-858509299
-1707355397
-144587994
-1046488572
-390609871
-1139650011
103391224
667455061
-20037879
-774771583
1902531318
1355340514
-1582393209
-2041802891
-632099021
-548207338
344982386
-907673979
997377343
-972938180
-35818961
-332729101
133881946
-2039427245
-611030990
-1293592280
-197184512
1779575757
-3091201
-938413421
914828662
1215906890
1316088942
-1298447429
-1747880105
-344153117
1126602275
2099502188
580707183
-650337267
-517286551
-876738959
1703928543
2079474482
2059376512
-773213207
2136397944
917792670
-1417450301
220015600
-1309524566
-1995875838
-316196616
797417377
1366037486
387952411
-196998629
725542788
937490570
-1540423687
1449839643
-1754644119
-2133843669
1828622494
-903502466
-1393091252
-965855606
-297933793
-375451204
-1505228770
1841380000
506128975
-1880689857
1260405629
-823813347
-1359482545
582864322
1247690144
352382538
1143118512
-21453697
2117223951
-508081016
-1867316894
1296602861
388352824
-519872935
-378138086
877847841
-50337752
-1005663263
1016150927
-469087090
-1682644444
-1926026603
-2624931
1972940659
504196932
433347683
1174590867
2017284251
-1826853247
1755975709
-1370921482
53949313
656293001
1499789861
-1512914013
-1171425137
-6055240
487824168
1155958821
1369786207
1588938595
-1993326033
-1105775472
-1684372336
255230870
1833970133
-2040011395
423271886
-2114935411
-1476191852
84003552
32030331
-98605898
764383090
-955442273
-564607515
-1444572528
1933922427
2003810199
1428107059
-66755338
-1611393675
-556777889
-1412193912
1856450177
-195821735
1702302630
-350989477
1785462380
-420749224
1760647744
1764418093
-1362741868
-2010388601
1697486698
-453069275
-787339560
1179511622
652512569
436966323
-220100816
-1283127608
-1156229914
1543973033
439090245
1718474719
-1736561678
131374091
862642650
1885411657
-462305241
-2092376008
1621459536
1091730941
-821400985
292530347
-1703329035
-366275333
1170175285
1093894756
1646125760
1509276210
-1514875936
-2020470707
-322421738
1017444759
1046241654
1373538305
-344784811
