131473840
-893260576
-1305195095
-562936987
1866051846
-1322231361
570956472
-1794915183
-1447041858
-1623465455
2086321864
-299780727
-630196320
-2139312252
-1227982307
-304450736
-1984016812
-287082861
-1484659076
-546558986
2017536770
1034590167
363610167
-1407113006
598377094
1395987820
789427854
-421122425
1442208670
-285088785
-250215775
466137495
1082251730
1119923065
573065951
-1702328144
1115079774
-1151997588
379593047
1806795828
-1723043485
-494281999
2069604363
1364084334
933322014
-1258687952
-209111029
-197806462
-543560284
235221521
-1567508759
499650954
-1496920360
488111698
-447479957
-732039137
-1551266291
2097802117
1427312755
1707974000
1234638575
-849218948
-68102881
-445031294
-1955776607
2032387400
2117955870
-1703880830
-1620063262
54446714
1524500031
1412096856
1929960242
-1023886053
1724013509
-289892598
241772090
1936699064
-39459315
-1163677144
-1377273580
1421366012
731782695
1698203952
-1107156472
1553688058
1155004820
459823491
1043607487
725581036
-1187705840
985020052
-1151753335
97759910
1282259602
751386754
731554884
624987982
-1325012732
1472735798
-1263114259
-365118470
1187016410
-636916722
923685545
1495676547
-1709936349
-1977287878
1134138525
2066861009
-2019946574
-706127746
-2014528285
2041900810
-1336678904
1802914653
-1764502594
-565453688
800033643
-1209695796
874966681
748416410
-950721648
443771361
842389837
-242053783
1055839673
-100921487
1369113491
2127192354
806005828
-1773817823
-6329061
340303412
1698582169
-1456286086
-1394169535
-861600381
636568673
-1182743899
-1030595204
-127249563
985090986
997345558
-682684677
1815584156
-313057465
-484234095
779571672
-417761627
338679034
-1556688542
-1953245129
-724360165
2072046061
703190840
-458603174
271167045
1159247367
1916757101
-570607048
1272582699
1137469040
-1478037979
-1869915507
1503081694
-1710490299
726867001
1636025389
-882445336
835517586
65513697
-1880912874
1808248647
1218276614
378461633
1474520234
1087221486
-1604311187
-834860243
-1193575328
1987960414
1690458800
2076261960
-195074626
-1660058323
-228466418
1657491219
2085063578
-550441108
-1098521635
622807971
-1335924656
1154356564
1593072605
803726510
-1344062991
-1138700005
1581171252
1941119052
1725406368
-32624420
-1449015491
-801923586
508279169
-1222746321
2006513091
-43387898
32137445
-1414452752
1420154646
-742682323
1745081457
2040501788
1051547349
-850099842
-656670577
1933364617
-425059633
-1102700374
-451196636
1547978277
904287829
150054651
566748015
-498235613
-708033255
1189403179
1347652907
-893875357
-835434
829111415
-574018215
1260457912
1547224603
1557619987
-1523864794
-1352367145
1303826298
-1926163526
-1628091495
-834494376
-40967937
-1135513901
898863930
1806525763
-381689766
1656053355
-1013269587
-478306487
586600854
-1754299742
-1823571794
-804335782
690848144
820758811
1678602883
180850538
106686664
-555283952
790585825
315375345
1146165566
-151636905
-1072050947
1992437055
-2041859151
589244368
745492614
-352734439
468592076
-346628951
-998930903
1327183596
-1372719294
-1411916710
-1317824328
39347197
-1011840757
-1823125310
737394764
1920676327
1977011328
1824478689
856233872
602559806
239640099
-1644618358
-931066302
-1806305863
-1358748115
571863827
-11319348
-1774311599
-869701603
-1915426940
-538080389
1446556097
2052373978
-1239727669
-774825073
364045176
-1676789085
-333735361
-1464651034
-734393102
636031893
990982056
-256060505
1536724518
-935267911
1430246090
384814137
1436141920
-1481304196
-2102745323
-1002482764
-2104649095
1230016739
-1836851297
563068689
-15523356
1900901429
542605161
901029878
1385550647
1375675143
-467570420
1009972103
1897807360
-1573458176
234024733
-2094749423
867556005
1651021576
573469935
-1701689291
-718423343
-1474360174
1710332457
-1846758943
-1412716117
1387745192
1954139461
1066633625
-151747603
1675653750
-909304460
-707140515
1041759126
-963689527
-464124492
663551761
-1239959006
-510650149
-52469154
629708750
-859602821
-764301734
-1198356243
1801884364
302683604
1742111364
937669030
-1533665846
-1044587215
1323586422
-661080915
-161363910
-354002076
1200481790
-971075964
-2011096967
-2001920445
316545333
1504145501
959801950
-5966376
-1067239161
-138408902
-1884235151
911217254
1359638438
-1825808551
1425543803
16682544
884077400
-1793908341
1856536082
1649188414
-214110699
-2073067769
1526412062
-2060681429
-1076035805
-1913480493
-1988226483
-1022473575
339338913
141023787
828552177
1256880874
-1842359641
-1659743259
-1794086019
972140015
158497122
-1683597481
-75605594
1822814365
-1164266901
-1679703392
-1993116107
-1488110617
2118372850
-616368711
-1486355239
-387618737
393684682
199531935
-1641542899
-839614736
2086707499
-301541100
1642171761
-96875831
-540761461
1887280425
280705073
-5569965
-135923078
914607429
11357054
1441471751
953930685
-1433721639
1376875098
16368319
-2004194742
-112747826
1037916946
-1650813662
-1300578841
1549512139
-1860555070
2131216985
1543719995
-362001174
-652341867
-1707782323
-557178452
-114726980
742354723
635548467
-1537488383
1547160214
213751973
-557733960
-1014011008
-646776545
1072371594
1444784915
549028741
1304976874
-1889120700
1681810057
-347146174
-130675540
-1207179339
829214311
-842310327
532230601
-207007011
1404648028
47898436
-215435931
-1173904673
-201467567
952069649
-869147451
1426403768
-323659212
-1699302165
-828912071
1174038032
1406357303
-54064832
1948816259
1185690349
47837389
-800955814
105653942
-1163910944
123505962
503969766
-611525462
1090584942
-1776275580
-850688210
-119041324
-2133253630
175024206
612501446
1747774984
2108492368
-1547439367
-458017860
923216160
-1849831193
136469607
1612252069
2072523718
1735247968
-1199372079
1223944778
-1286019653
89181385
-1914494504
21274772
1039494066
1459609732
-758762729
-237175203
1087488054
733864308
851950623
-1502277284
994555201
240150549
-513787158
979282440
1109131205
899709701
1505908220
1938817130
-358859173
-788153415
1747896942
2120594925
417464657
1019421298
1701751920
1984724312
375745490
420425803
-1027743268
-1743004413
576254635
61484127
1518409835
787762786
-2033970625
1805030301
141223036
764774708
-1143096869
-7760187
880488718
1399925139
1973305945
-360359913
1973571294
-1818264696
-1293842116
-1834797095
1120413088
1567308468
-2099815804
1832577843
463594926
177725982
442036204
388843577
1366401404
-1954054188
-549961173
886661586
-40146989
-2000184784
319767934
-1125915637
-1521061800
250330434
-926243574
-2128300451
659418297
1110154690
-892724665
71667073
-364475009
-1837179208
-1323816513
-1176589383
1750253142
-1569407704
-230122231
-1016836065
326500966
316722604
1810862556
-1804782700
-242506237
2122485044
-1466964222
-276965919
1036822424
1856594840
-165391312
-1711859725
-791791419
-127403513
-189098486
-940665886
-449951954
735700315
-856658938
-2065469391
851756541
-1129199180
2054371787
816228646
-1867133665
-1289373361
1892417948
-979903382
-2113462375
1411276301
-785795411
-975831738
-2136999315
819675484
1344544293
-1807487316
1764136520
-1304723550
394535262
-1642213644
-1506337297
-721167494
1490257262
828126485
-122437139
-2003161421
-1344948408
454934194
-277588963
160100041
911207991
-2109386981
-1792862873
-900766125
-630829875
-772332048
-1504794448
-1831872229
441575677
1835220099
836936612
610932604
-1086864332
463160938
411911793
1043046150
-453363756
1925372491
-685216714
-1480507525
-646516348
1741214098
-672267462
-1064466389
1335847788
144038948
-11824271
-1680236536
-1865542539
-822473345
584549957
473778842
-1407662740
953083572
-1762795506
1243625858
-210258245
-1208535668
1847180839
-1968113482
109067692
776836110
-1536701596
-1579574709
2118683616
1761703227
1649171292
-1364405959
1797168021
1848586172
-16435423
-469461324
-1486135384
824463107
-1299092232
-467748400
-1938784561
1563073774
1811983864
-596905764
1670429370
-1573333837
-1485000559
-1927889477
1202061797
-753802873
672161266
-306868074
-889385772
32394182
1889054947
1258440998
-1965297129
-633839334
-359848383
-1788734163
-808716906
2139449929
810981803
963702260
-667563889
889721139
-747708799
764658711
-1624543493
269751955
1787163440
-881569374
-470648175
-313822218
957618299
-1436512071
1897335679
-1098520561
-630525980
-617502171
1848117942
-1066693092
1015089019
1425131420
67147148
1443471826
90030761
1318021017
523414317
-1639108836
-982481049
1787282349
790269186
139231012
163539431
309896934
1831684092
-1771282750
-1770176463
417857444
595646235
1269775751
-360695751
1548250704
936534385
2055036994
-517403606
215551206
366175498
1380909728
573624634
-584911132
-1560811932
556663121
-920335514
-1434943565
1133589855
1494888124
-1267172759
1423892815
-477612741
-1402290588
-1227235256
1171288763
-139687966
-1593431168
-654690866
-1003550337
-2083353916
1378690516
801958454
-1347746265
1686323370
-1551450948
1967956403
-1033456667
-514107496
-1312469569
890761677
757130124
-1515358983
610971254
1311656151
-1072143050
866811185
-1508086540
-837552627
1586252060
1316977564
157598698
1400772145
-1646906069
-1207471182
-788128578
1849745524
-1578116887
291834053
-645479842
-648276456
2076022122
14048431
1407628310
-453564196
836255118
-2025383462
-1964487714
-326159570
-1657242205
1203594465
-1753451840
-174875468
-305524463
904714408
1478408808
1916124836
663906597
1638811122
913972760
253715102
-1492942602
-1704947463
-973873003
63746234
116102380
-620627523
-1351044100
1970966934
1878499504
1156015815
78163334
713146028
-1956931386
-735087457
-1072928971
901124871
-64434354
-1404894479
1953769762
265481173
-113139512
-1705692864
-528160833
-153379205
-254655135
-2061788266
1933720146
-344668541
300129864
885896156
-741672029
1479151065
121747531
477593691
1681331047
-588249216
1019449384
-758802146
679354719
-972725441
-1125937538
-776948104
2016536071
-515148748
1207524217
-2065988555
250112390
429244748
1387810854
-740228288
-1158282940
1779751641
-1058792110
1722950010
769345417
582939331
-1240594521
1326700713
1094399657
-1700254880
-1075914567
-1466469048
-1763285385
-853075417
-411341390
-1752958518
-789869901
-549271825
939749494
-1497040911
-1092370279
627353503
-62605504
742423056
1603531850
1514342240
-2032714469
1659818056
-613738514
1519430628
1725603171
1124263677
435622611
1819175839
761460382
-1825409149
-2058275378
-1938513795
2106860948
-1538779972
105895211
2071775728
2036979003
662694331
1139603727
379196101
-288927088
726219272
-1730484251
440414242
-1212736756
377169179
-1826447769
1079770067
-1386892953
1112743853
-1110771013
36471919
-1389272332
454016823
-1961788991
987155976
1532584553
1468541031
210865764
-225614118
-1353047344
930448874
1804141864
-1133829548
-756148822
1995085211
524840107
-1127883242
1765363388
1529302565
297477757
1617864816
-1235416763
587937578
958575575
843671424
-2017544152
672179886
-901112778
-1524177857
-1031967000
-1681633375
-409867536
1543254829
-1588097878
671778156
-157904212
1679560097
730657392
-299880483
-1529703577
-1239719061
738844891
1133071078
-133162767
-740442150
-453347739
-2099096707
434260334
-710869542
707131687
765031080
1849707882
-136361544
1717275868
-625089296
-1724906725
-1122177920
-459410476
527170199
-943823930
-1756564984
-1830101048
-1730770588
-1108616977
1006704058
1032930327
-1025056790
-1012388275
-1901017598
-1901054498
865725328
-336688635
-1000400949
1687621126
-857878458
-1298060063
281664636
-707552248
833279103
-299171836
-684437237
240186026
314282375
-1634521260
851322522
1665911185
-561679636
661807630
-277830411
-45230738
-139250958
-815910160
-2055554306
828435196
598395980
-1429965973
-1244339162
1547789608
656313606
-1733098754
-1342628356
122498910
-231366461
-606296475
1470759048
-41209136
-953294414
-888124798
142641542
701573211
921611277
1702869367
-707374524
-1826047111
1128411695
194526721
1517988619
-531698493
1303783455
-1377498177
1019197691
-731094332
478436524
-1692943392
-153549750
1603089412
-182809556
1448378434
-1662365441
1306849522
396019224
-1819672310
-1447352550
-991611968
-13310605
-276580876
-1691121514
-1966614448
-817801838
493547220
-1637703858
-1439153498
-1404894499
420736320
-1808759383
-1946754694
1070478356
1021578162
1637003451
-1943756771
-298830806
2088777154
-1577964075
34987941
-1852555557
-1863670993
-589532194
1694376250
-1868957640
-1939797031
-303137421
-1085023324
1978236436
-1864293419
1513009781
1269415739
-1822759108
1559351872
-4713885
-560441971
2025727950
-764503327
1664567116
2077775867
-338000575
338771363
-507044350
1454104208
-938182484
1161820102
930069637
-828820900
-292902370
-1130213547
-1423519393
-1156173428
-1205413463
563076512
82919982
597374234
-2081675002
2011983192
1401479734
-1996275559
504467262
424512188
1427992490
-11169817
1727593791
969930296
-437461576
1659111907
1080966691
893257026
-1913621605
937205520
1760411813
814734880
-1388030537
-236733708
301255337
-514754510
-1454527244
164142496
-927834755
-184683361
-734236890
1952432668
-1054180803
40169564
-998192154
-1430185101
1535705684
1958078395
-319775264
1024744352
-635990800
-1776105638
-1061005708
788182145
-1920453398
943940782
2021835184
1737079048
-721438090
-2095376510
-753265544
638035611
933821811
2064706503
-1766954602
1087543153
-488255674
-845093794
425523339
-309477300
-1868554939
-1924433649
1967849309
1475852898
-558029150
-1068343727
1911074507
567224976
1268848679
-139576450
-1882042165
-519464196
-1514719822
-1159390166
-1605416510
-1699578842
-654556770
-845835748
-251767276
1568243516
524117666
1595820757
-1633000232
-312209285
-2133069316
-44543618
607646594
1227359798
-7518959
863285170
-1469939603
1034780590
-436315552
-180459533
1762922501
-174136711
801570781
1894295371
1777146788
-550563421
-1929700277
-480653845
-1289963989
-1330050956
-539145938
1871914057
-1110195196
-77162146
545767738
711989823
937269651
-2077553312
-149106482
745879996
102896233
547780194
-1702473168
-1236795693
-297654848
1280169106
-1474014901
-780586362
-2082691944
-108453725
1840463659
341705223
-1090037814
257077996
478918701
-568404039
420307019
-738856004
774713797
1682499532
-550466778
-329390475
1215780078
-1334878942
-1378087210
-2042902299
2060433290
-506375724
-911751845
485755081
-1199012606
598793743
-322987515
613208880
1283207050
247911818
607602917
-422804368
1128547246
-636090737
-1179215863
151069962
-1743034504
-146234938
561693166
-1353533289
518877526
1026638835
1032460691
648865892
1878701040
-1284200596
1438956255
1732962029
-1281404460
1815800095
248646477
1493803934
912138029
892558609
2137267904
-1739888702
-2024560896
830675190
-1042975278
1554676532
-1278119587
1584780597
423425787
-1431899181
1425704210
358865521
327481469
-296489161
1807583329
158256183
151163900
538490591
-1591210948
1520090003
-959314284
421509933
-919888250
-1826192112
-1853906845
-701929034
2142890783
622470788
-1929190513
-2006699421
187505704
1045786243
1164428683
205355264
-657324287
224193761
-1736383903
1590539878
-540328994
83516589
-844925879
209065554
505509930
-1573439741
2125340494
2104374447
-1768840642
-1690290770
-2134531668
-317667208
-1510771896
914043090
-1384411212
409125237
-556415325
1306503833
1671059260
-1915558513
-1569736523
1715866557
-735366986
1335799762
560469448
1989988865
1191544284
118566831
-606875456
767136739
-738857856
-497957841
1716575646
-1995871862
-1125984959
1598308178
-1164867442
1244206441
-1464429656
566651469
1784434915
-59260316
32364470
-121792993
