-1263262673
690506209
2099039422
-797666609
-954096606
-955328541
2081273273
-142771717
-1306289219
2123806123
-1082218022
-1365971511
1129586152
313767439
1990988809
-1155435956
724972745
59899477
1690077270
-1658016155
550033658
-1904445196
-869237963
-425818013
1663441947
1542152127
-913637828
-2006530429
-38953428
722866601
569065983
-720149447
190239480
1125259366
-834273347
1898826068
1721460528
1997150864
860774197
-677650445
-111705972
-1857407399
-1461696638
-728930656
1005877686
-1238208727
-1942302897
-1914095829
-147079455
2021083562
329990010
508708886
1557071284
291005964
1973196105
1784456557
-949388911
642690244
-1263806881
1913717071
-281209414
1209821820
-491606089
-287495211
822220194
139545037
-2125194572
146684520
1522965897
966306877
-1568735958
-1231017488
1375052218
392904632
543435815
1379447472
447107123
55220001
1875158897
-572628213
-1750718756
-464919007
907891006
-1515132229
1424770523
-481355187
-1832423725
2090639045
1803488721
-1464995971
2115833275
466034286
365262462
129410290
-1084094778
134302201
-378432799
3216841
-935928300
-1552460129
819748559
-1843149155
1312583642
-2058275943
-626790041
-756132041
-2071337033
-619908724
1791390960
1376178803
-1472666832
-988977593
-878132685
-739147102
-1450489734
649069300
1405291783
486980901
1574023623
-807812600
493951101
1439986893
1534998208
-238017188
-2055927285
-524990710
2049302788
-1632980649
-1465165062
1660941264
-164499100
1543784484
321836969
-120230518
728055596
-953608228
970649479
952624588
-1261115124
-1358929135
614559160
732394627
192069182
277339854
1220670157
-2079015219
-338583714
-1922355859
1987760691
94586555
-773724037
243792028
-2063089675
443438408
1457837998
-1844865444
-2066304705
163955880
-307203502
1593133845
1752714424
-403012835
233414183
-1233518388
-60372022
468926094
608770803
1714121125
458876596
1388841600
-2118368984
-1737817078
1083307863
-1118358654
-321463971
-975076321
-135565593
-786274045
2017037898
1174401972
1405019761
137376603
-547157698
-1461798009
51628928
467775613
-1709845840
2058950919
539960130
1522267877
120526144
781025274
-679955925
-777495563
-1300268497
488362239
-1913522214
-17892380
-2016051019
-1172743294
-1325151347
-572896692
268207804
-729951742
812164482
56255379
435385072
-157261820
-604538158
-698070351
-1605299449
1227524871
1812118771
156722972
242000710
1497199937
-1577479092
-1285899488
1651742947
1164474577
1202337177
-1389958961
-1837111279
-37245422
1451553551
930765330
-1133735197
2069519044
1051950237
192546476
1987629000
-1511774463
-297257611
1323061350
1258155758
-836218788
-628205447
942359419
423423855
-2064421188
-1738854923
1799805828
775947261
-1479263850
2124955856
-416457072
-915471562
1332363790
417491780
1787567018
1637067413
169998473
-288285796
-1043175157
-125201781
-390443627
-817965476
1402741971
496192501
-2034855292
-650014093
1467857977
-811011570
-1511737288
1645450523
-231696834
371941356
1704268986
-659752914
1572175454
-15531609
-1986364740
-645325780
2109029085
-801056789
-442565111
1000442060
1363917401
717310272
-618723650
777378105
1764063203
-1938719585
1227790872
813575916
-1019271535
718671727
-1660967359
-597566907
1853481392
-1475354
-815992383
480440352
1645902064
1951282979
-36698985
398117509
133029529
1595251428
2049597171
-460430123
1409147166
1096633273
-951664360
-2001623378
-294245813
-1730507658
-1924683591
-1874701540
-276328839
330654463
-1537200385
-653081618
153371055
-1458312979
938236487
1540407154
258889235
55572549
-310238147
1329449599
-1605310976
207513092
375262809
-597230728
2101718356
853702543
-841513147
462921597
-234652277
1683610124
-1041332964
-2036098497
932028939
804819008
1399340600
-1203174931
2089662351
1880201516
-1636105647
1078915102
526695004
1281497168
-1179359505
-1604346390
-892045592
1580206878
-1748068082
-1326869071
931601704
1688725999
-191706500
681692751
-744741404
1967621107
612213502
126059707
-1041899150
14245423
1163393049
1274768549
1085585026
-1875651382
1781584200
35287470
-359336763
-439312764
1395414521
835584474
821694273
-785368164
1171165408
-693015262
-1920481988
-1975729655
1329451689
-680865231
1826812604
984794397
2118020860
1298186616
-880948503
-1902512910
-1196637571
-1288497725
-610127494
351551637
-1407491190
-1118858764
1051933689
1312233159
-2119266379
-1537293286
1830108199
-84173807
-1165508771
-1075037787
-1785062967
53197552
1997412664
-1195505973
-1703844937
2001025944
43818931
1132832968
-1849756880
-976399580
-1627797505
-1058722356
-464498018
504652713
-88510877
76421346
518952711
-572141218
1699196656
530303222
-760409989
-1204307494
-787701580
-1118410456
115498588
1096328415
-2024608039
1329293737
1982723317
-1555860831
589963619
-1028272473
347912482
164111099
1279345893
-1157963739
-1426047117
513414231
465357934
-452520405
1884215517
2035438522
-38921706
-349382536
-1191112965
-2146828090
297205958
25575433
-1500358451
-1883974527
-1176832060
1910846640
1885715418
-1798948232
-2043470406
-2045270567
-10464245
-1019240771
-632134458
37861212
454700152
-843378562
341743396
313436495
-55638558
854418167
1428966828
1554410215
1523483489
754576826
1624784527
1756240985
1569501215
-260192066
-92404651
1878646359
1134587913
-1273393093
-557393640
1843186709
-624699448
-2039397427
-142452768
-1764873509
222531346
1764856045
-793387681
-1496626457
-939433913
1538522786
1132887758
1438573900
1980013134
-1089796518
656661924
-1175370863
-1277892440
-840181004
806924282
-730048683
637859600
1892992082
423432925
1281719331
1447735562
-175018107
392913184
-1545020064
1891006022
-651057185
-1426630368
1562507511
485396570
160478359
1425940577
-1086001057
-1728769630
-1812445926
1091313422
1375562573
158837566
-1379487862
353368018
-1644763762
1490598899
-1314452154
-642605069
-36214538
-991222082
713267689
-193901424
510268152
-1563555442
-893488070
-1794766295
1400167157
-2136220640
37832346
-1118635393
1883586070
815575010
2130689187
-1769407897
710606611
1566920598
-873952285
-1324821301
487401236
39433553
-1404400058
290146072
315480409
-1651621561
63801053
1350070090
278670989
1007044140
-719000025
-366142391
-876277327
-1831286981
350101308
-246885882
-498844823
-1929575757
2118465186
912126606
-450728013
-1368023258
-1550642805
-1994810175
-1772506306
-417122224
742696454
1332466059
1017946277
1856115795
1060617465
-1509357707
-1097564764
-1702258224
1236111566
45222242
1705687990
-258576093
-1379346662
-1994151728
-1669990517
-1395080880
-2049375192
180029796
232756492
1777102099
608587770
-991600557
754666513
798464514
-2090808559
-1234369818
-850411040
-862163087
362851616
-1610428110
-697993034
164381075
-1334396252
1625500035
1148996157
1113800184
508090868
2101995700
525782092
1065309406
1248439586
-1073080006
-1372269866
-207561822
226796711
920430444
-155082393
1483459826
215547621
-131209345
-414176439
-1413208170
1459309414
-1219330786
-2128847988
-1348473115
-498615780
1803691672
2009174659
-1373842108
-744702850
752481668
52902
-12678652
869464227
-332260790
-695567049
-568639261
-229803477
-809037570
-1678460291
-547118010
259745662
2046092508
589985891
535708019
740165650
98330677
-762960753
1188108763
582726057
1536174702
-1716189238
1691942981
1449187624
881301394
-1548686205
976951802
730971298
-203247344
472854819
1582762379
-552216485
-908900667
-758991471
439489091
-1350348719
-1515574066
31520658
2051512180
-1877073298
1911270726
-2015772568
1049011128
-14913436
-331431261
1366648691
-1867125608
1056537685
-2068392266
676653802
-55423964
817014690
1703541142
-1534188509
1408133871
1643644809
172258424
599874682
1919457353
-1664068975
328687137
1258487647
1979593801
283347381
1233670513
1098612544
-16806954
-1831755203
397558388
-1187993463
1787928638
118874673
-1027639133
879118258
-1911592234
-84900629
2008425284
1804295886
-677813456
-1062108912
1224750073
1728552211
1878499515
-1735230539
564150019
-1643754300
-1509325277
2096925294
550331665
-355071514
1175755442
-1348284548
-1110541843
-265342765
611762202
1359589666
-1263159705
1401919942
2059869405
1946543154
-4378670
1228678133
806560475
1669427425
890879651
-1714233040
1142575678
1975756216
2102590747
265586324
-1548629583
715876072
-1222434051
-1738773990
1129900270
-1484410357
-1004143947
841895450
2017161502
984550114
331998212
-365678918
2050726990
-865608949
-940334808
-1187940194
1447916099
1843994154
1063318386
-368825933
1048869396
1462371488
-1082918810
-818976717
1276543413
-1209009311
930854450
-575250571
-1341644697
724559446
-658261957
744945528
350207291
-542468259
744004144
1053176125
794827825
-1092830175
-1251947390
-1500493227
-2113785920
875233812
-1996720742
-1617164690
512787617
-1548027120
1799324647
1150307546
-2083123118
2062131664
-175992989
1578698635
-668876947
1374641349
-53848570
-1629782777
-1087189456
1613936999
1298090223
1554813189
2103959081
908333586
-546980528
373383279
552965887
1611101597
-1757287078
1404040096
-1683777925
-2053213402
647134168
-842347668
-1520768354
219805038
-954459938
-361883581
283197974
-1934859857
-103841971
-745294192
-1838937897
-345635062
522994020
433441533
1149331991
1059746937
263838990
392233461
465820992
-488006290
341446620
1239647136
358319332
-123039234
-1035371437
527456803
1992976980
-866523846
-23949195
1858781416
2128440364
-1916792072
-558880161
-1024083613
2016934228
-1320728373
1144022537
1348291797
2118683002
-591353744
-2146195900
-461513902
1369719221
1385638053
-643855249
2100127841
2104690257
-1348572854
1633189821
-925997598
-983422544
1842258218
-401020171
1575492159
-1399854261
1549486070
660532719
-1385500581
80615975
1855712416
-820366909
423184354
1162296924
270768953
-234066494
767003751
-739803571
-799862090
-1744979008
-1201590163
-1446253691
-2114823935
-430834538
1478437430
-217337701
-1199567223
39506317
55853912
-2017610007
889143209
-1725777435
-161708626
1132976291
-773405994
2099556682
-1219493979
-161489291
573866140
218984511
-956315262
2006662164
-653472229
744861302
-1071919263
-981322117
-1831444483
1059027788
-82602275
1877607536
1479173918
795139376
375575590
1953399644
1772277377
369720739
-1972736159
-1200694278
-1434734053
-888191736
-1754575867
-1841203882
579636574
559478290
1819826478
-1735747877
757066191
-493529271
-817721026
-1270899473
1082646211
1670676714
-670727767
-1156533263
-1820287849
-832142101
1870736945
-789742623
-534028178
1411991656
-569196647
-407799944
-1169860897
1793611127
-735342475
-254448674
1960845690
313213431
-1012111942
-648459684
-1446388922
788028796
1197946703
-1784024753
664573938
201749125
750827633
278181123
-1721918526
1682694204
-1005080340
-1229489736
633444577
-1111851763
-1743452416
290702921
423559008
-661708272
-1302208608
-1189485652
-532974051
1705306435
2004604365
-1581252084
1352944219
-1965965533
903569100
-362053467
-110317649
-1528763825
2099985589
1421571559
1337328773
-348755882
2102999227
-248768882
1413447066
-1653692430
-1458897715
-1919236668
1843514822
1827047085
-1998286268
-914523446
1149003433
-1069407155
1929635888
1126032087
119008298
-1637934297
-1983730440
-1351701761
-875415147
-138247502
539930042
-153109639
-384222990
-1136110286
1577694136
-76692133
1141817662
2075831955
-1970077471
1685896014
-445917838
1592389203
1992360861
-632818183
-3365882
1267135759
-441793346
-2017844990
603219944
-11251318
-2144103836
805660198
1020361125
932611144
-1560830358
237700660
-853565449
1844393507
-136452330
183663003
-426437580
624193606
-1843860480
1997943430
1685385755
1078648565
-1496341755
-1972899739
-2034607335
-472867030
221042996
-1690593250
219903049
-232933806
1095307100
1580156388
-477091804
-137041480
1309615328
-607413096
-1519717114
-1398533208
-297331459
852845977
1066395211
-820234104
-336197889
678959575
-1830042715
1819637559
-1758381128
-1910902016
2086878702
2143520717
787161666
-616610888
1811450033
1607157888
1624412028
828920817
-857521269
-476203897
-1457760565
-1540123974
1460103553
1180507712
424679141
-1984763181
-1202323622
1392693960
-566159960
633923891
-314998495
-1125592526
-1640503510
175183538
981367408
-720177160
-1836404786
386937240
-1130845020
-1222759836
-20402091
1885361625
1267564681
-921963920
-1978494173
-159420510
1510566873
565835999
961110534
225263497
-928209846
499092196
1663816756
2057111101
269169979
250706578
1739117006
2100060040
45442716
1856016276
-92186802
-301194918
911329866
276152468
1776766326
-1793390263
1913931739
1656703841
-1480496488
1290893191
439113642
-2127839829
1019648251
-1133608064
-89963593
746510572
642041431
-274808624
1109008491
-527369238
649177147
526604955
-914170031
785684772
1452685594
-606802941
-1872960134
1019698391
2087350586
1844634330
269130921
1347610235
905522270
1520069579
1627713367
-1200553517
1156540931
1703114100
154925633
1968699100
1280321
1446133644
2116979359
1207492769
-125028534
-1315137932
1224149092
2079854466
-478851561
-301204969
-68670754
-1305631463
-821412533
957253352
-1524632588
-1212490055
1955541652
1689893364
1165937456
197621000
494414774
1226425975
1325593851
1086301166
1294855952
485458257
-85175495
721483616
1014227416
-1569467138
-1018631020
1845948163
-1126188024
-1494539000
-1224825188
-1774048287
672594049
1565206886
1715451658
-2021280322
-405213188
-166937419
1093673367
-315411217
219510686
1141813292
2003802582
1011364230
-779464043
2080083634
340345858
-83866386
-332215349
-963479219
944954826
-1635312157
-126261886
-1172465574
-1922211419
-241625637
-492677481
-1045899084
-943236030
816336910
-1002192466
391346714
1797543584
-909213860
330273289
-626010585
-2059274411
471486415
1027091007
1982666380
1634960444
763826059
634401195
42035647
1150924493
1379566129
-2132868172
544234664
-177507391
-1179544324
1985270111
-1951814181
-1910716338
-266637942
1089591213
665727357
408705960
-1346008806
-1992757732
1938518356
569219219
415511526
-1026280545
623354255
1492680097
-2039693471
-1470209908
1102261210
-1032516412
-1995185295
1565418262
-1954637615
-332733936
-384054029
1402446411
1684214263
330996227
-1782297487
134374938
-913881929
-166103639
-1202021560
568643681
-576822143
1591435013
-1213874028
1251504431
492763845
463440216
-1559187016
7548957
1547224367
683829374
1036984940
912336706
-756115495
-1439504713
2049808715
2077169143
-1762993877
-1411231907
-309898449
1755101848
-822917097
-306163293
-1307694578
1131398433
40416966
761957240
1281886004
264944352
-1776756531
1905625183
-1301023214
1464779396
-1294309433
1611984869
-1443381758
-1190296517
828031933
1487579642
-364465449
-106387822
-687243158
-282399326
-1217497046
1684682754
1014290981
536297195
1130562447
-139641225
-812471973
-209482649
-1456329910
-819992143
-1866396460
-1098306071
-1302907659
-422342966
-876060936
461253570
-1711168840
1495938426
-575978138
-457960959
-1833812628
-2022579466
1376736605
1070419681
1864345410
762827313
-318454332
-1281348282
-1526289907
658236824
-1875507495
-174680279
-1816219479
-605846345
-2065874516
1362919583
2098581786
145354746
1101668110
-1058877582
1274011835
-377430794
-698153686
-1248662287
1133948647
-974006087
959894491
-448068947
388391392
-985446547
-1870878197
-1615786201
-1961103350
-239324853
2111635173
-1922364884
904642575
-1478487832
847429931
-923184861
1437424993
277548201
67608023
-649927601
-1421931637
-1595723477
-730750342
1607904420
706757220
-12892488
2146196800
-456163767
849114648
-973748512
1013314732
304064692
