680240258
1650709450
62450556
-1522848754
1757792471
1373866742
235961326
-1666089202
949267294
-1500377151
-1200562163
2030421460
-1071044648
-1786333324
1847802651
-291230881
759056509
96143850
152694872
2068735891
-10371229
1090325411
1294224713
-1605681599
44811460
1355543013
41305657
-983825720
-136652327
-1223601768
-535026375
-1265770613
-69744437
1274901912
-161428069
1771264973
-954239250
-310019444
1487893728
1414790410
1435867423
-1899116229
1674839687
-868613385
-840786999
-1198774559
-605314626
1332854285
-2089827656
-1611826797
809875232
-2095719597
-231492450
-2023224164
-1970217525
1627854747
-407570171
-1119236546
-928104500
1330214012
1813519186
-1184591035
-1486429826
-1827820127
-1122179452
-867542348
-368374301
-721984614
1448465338
-2090546529
-1179219622
-1933107564
-967740890
-1468363867
649572302
-2056986266
-533586570
-248847628
1523130993
1766237422
745934094
-8220253
-265303437
297177780
-628924064
265634174
384054968
-2105810982
287788859
-890134908
294686643
-608894548
1986282988
-2031802997
-1116567472
-122955020
688863765
-70436361
-86074861
1165644605
177407276
1480239808
-485047794
-388467669
1517881535
67530175
337765952
1719384112
-779029255
-1267319748
-343826864
991466793
-1914476012
-1172767814
-4735387
1037366046
-624212406
-974910933
-680261085
-2038695008
-1097750982
725097241
2020036156
675004683
-604754423
1917955535
-1222799561
-544377769
596585419
1401621294
721201162
-1594718807
1959171486
-1909323390
486004649
587289966
1445521228
-315540107
-1881038938
-1802906292
-1951307672
-1101654531
-1915711027
450706997
-1170408134
-988773652
1353075846
1728602709
-1447390515
-1791063919
-1609679859
833546385
290588343
1128675022
728607528
-835543907
184100038
-1894865638
82616719
1322789224
-177475920
-852619004
-1918449987
-189303765
-549200426
-1414298155
672395868
522768302
1957231170
1745562023
1801025309
1577354690
-2126758773
802953000
-998769754
612631879
-332628886
-269582525
-1862790136
-1797347539
-819751415
-859866416
1289718190
124340605
-1420015830
-1664240146
-1503651954
1605317845
-1080480161
-1437647225
982300669
675193708
-126651900
-934705280
200988792
1524025858
-1004046435
-1164929493
903523537
-656811120
2022745161
-177833587
-488609773
1842992481
-1807598042
-1172356771
-1573620426
-1944103140
-865600761
-294942906
192377334
-1595130711
-1610962470
-959046680
234216964
1543969507
-500359719
1466259123
-1993455273
-743668379
1329676906
-1165426946
-993272904
223635320
-1633435965
1440389891
1558687133
1830705256
440202798
-1005284862
-1718730469
-635966045
-1909373115
2108099565
1161670448
-246380415
-241101914
-1586086183
-1991747654
-1025069137
-1925720305
-208215517
-2020163861
-948330164
-1959790439
-1595120861
-1807512251
1867959318
1003998488
-357951212
472319646
838365315
1828327920
1358494619
-1960491169
1434444583
913166533
-1740046424
1567905787
-1598355751
739081843
-1303323389
1629706276
-720898906
-1417401823
945471793
1643329242
1835701841
-1915412804
-1859362487
789803481
-1315911574
965604223
-1258171293
30098998
126662119
98434761
-1026393433
-1101357059
488520687
671843539
876218023
402044471
-1504074334
-296402253
-1413501554
723580600
2044763251
-481055386
1960817359
1415455247
-1999753804
-72602726
-1466845384
-1643936707
-1731443096
104999555
-1244478747
-1813811375
-1221342998
1128785946
-1902391856
1192016135
-996124281
793153106
-1820634185
864612836
771804893
1938592661
214007030
1936263576
1616168306
-1072683341
195093479
1631988898
1631090572
-1530348864
-898789964
-1926780681
1386588448
-1857162780
548476629
1816820402
394684621
1931184708
685406102
1992860273
1761071079
138494419
1089474039
9333663
-794608934
-1765585300
-1969342049
1137576287
523150996
279549273
1636602487
774304387
634787095
-565013424
2138114699
1645030498
1079251147
1380118891
-1676881833
-2034989987
1894433273
-886095762
592084050
-1221813249
-401254679
1210310001
512404472
-705011196
-305360197
385764236
2050850602
-834684437
-436243833
-768263129
-373200572
-173441097
218277426
1432376128
84100366
2006457304
875618894
-279883636
403549201
-122697659
-1540793853
964075332
1407163583
-1338094254
209113670
-830936116
74739123
-454965674
-1621841332
1453556938
733826430
-874752297
23225416
947154430
762745096
854265776
-818857788
-1844849017
-1000325685
-651511859
663520974
1217474251
-356316529
392272465
205413568
1409618431
913181854
-231412389
-795516632
1148024578
1604722913
-2133307296
1146157088
-24013004
-1620003783
1798207717
416942326
1221772722
1122154725
1802441730
-1829010790
-2066190428
-493431306
-1107227006
-1080447652
-1068406573
-546960917
-666801609
-1807034925
959987268
1928825517
465812974
-938684829
463534825
-1484466894
-1341541652
-1224853492
-1993583148
-2116046848
-811081845
-1155748092
-1883212219
-1595199192
-1736939108
244613172
2070450308
-1722168483
1777510764
-357091524
-1539962014
178717263
-664716763
256989321
125686079
-727602192
-593507232
-172153016
862852546
1214049536
1210353249
1069752701
-1623008954
251515008
-1741598774
1589396392
1514267893
-1424218088
320577036
-371775098
1037558825
-1390696899
-422772115
-1810244888
-799807546
-1799643187
-512393757
-527156378
765676442
2009255848
-409155096
1250663167
1888185776
-283715448
1302549564
-1266943597
-233003039
-339451387
-22466933
1180154424
-903076361
530497188
-2073666139
-2144658206
60239489
1042206909
1024149374
-1688419706
1650914065
-764650730
962918504
-424015260
471946754
-1158484863
-1315694449
-1100777904
867900095
-1911335129
1221486051
-983010449
280446429
299674068
-1369444675
-552755663
-977629836
-1519584108
-1360423077
348143094
-484308004
459773079
-2007269238
-2043274247
-393450410
2064115301
-130786823
888959062
1102659594
422020543
1533462238
117369526
-852449503
-208586510
1120639586
1838237473
-1044784774
56146317
-81972558
-2104614541
-1745137036
-1092115795
645674413
-2069427107
-379786506
-1580196151
-452521035
153586505
-1445134832
746910317
365618859
726185193
1555856694
-651672158
-635255865
1349454506
148611238
328958105
1813188660
-1946911661
-460430242
1489549878
-50011514
-1260222800
1223040627
1386958180
-1094455754
-2110575963
-2063700534
-1942350143
121271947
-1064159967
518482960
-2118456252
-790519784
539044035
2136847437
817937118
-1221080849
-477825293
-1348201672
1087201308
1335272895
1914329523
-2036715500
1280031716
-1839494401
1283361182
-879134166
-298231247
1519018793
-1328045560
1520238977
1873065756
2074681712
-1937639526
1071654533
1285754691
-1382854137
45759938
-729290236
-618771669
1794883324
-2066989308
1317084330
-812126516
1245360068
-1648071489
-1030968962
79245890
1700813111
1665901033
-1891999467
-215786230
-1967172904
-679923542
-1248616227
1415770690
316874585
-246248057
-818740335
-120840683
755351628
-749646118
-497013779
-2049568057
800377254
1675276060
-761194978
-548172797
432071070
-67403142
1706592072
-296334604
-377328200
-1150277917
1408967580
-524232670
-9077099
-453996899
-1562321299
-523685524
178539233
-11005290
812356405
-1070742070
-2121168300
339115312
-1767057430
936374028
1661148558
264426952
-738001426
-1942439866
-1885417591
1324364306
144751195
-1533029943
-978017350
-1585911255
597913872
372965644
929978288
-42118894
-1589363238
-813389663
1584254697
-1587213010
-1496696950
165478573
296257745
-1703189005
1513887880
-1375273250
675584815
2035020719
950087949
-1786965587
-1788040142
-701051697
-1291072495
283528575
-221965565
-1697643486
1874622395
-1773224504
-1296097495
-480868355
698453800
195921993
-299148643
2091253268
-987350871
-683126353
-552913902
583456116
-1891938568
1226097320
1984826564
937065517
1069829942
-2115463734
-69063785
-153993061
1622281931
373815945
-1834767636
-1400655941
-1642833365
-495956579
-1042339011
490986665
1840812638
-41282608
-248735821
-576643599
-988654003
1620879664
419368486
1195454746
-389007571
526237270
1412908489
256019683
1955983984
-985307500
-769418768
-1933761098
2070004987
1065621307
-1365063533
-370768453
-1017463913
1617857380
-1290989578
-245820845
-887989297
1784871408
1239151036
955861209
454842272
2038521172
-782481758
2132347982
879537101
-227405073
-1855557862
-1551311520
-1269907174
53743953
1277252347
-331997817
39200826
-1359709190
188318221
404184665
-1778038568
349984277
-1681342782
384564557
1131279137
1139030026
-723757640
-1162164186
-157409590
-1970120792
820213383
-1104415927
-419321643
-1314328063
-1068241256
-619237002
1741690246
1509850973
-150933548
1871911427
1177491871
-520886552
740624249
137069172
-1077821191
41172026
-16964340
-1429799146
-3633659
-1506812993
1293192411
-575079519
-342562482
-1812643421
1946049444
-1876342630
-436305800
-1215766675
1737357563
4840743
2087171064
1737201664
270475692
-2054182126
-1567553104
1640726218
1720198824
1004673186
-1851371748
-2113624691
1946711243
-854081791
-881941267
11867005
1977299342
-637644001
-764356583
-404258789
-1761297867
-341147667
170915577
-803082156
1968694365
880523209
-1290637429
-333220011
-333866152
53095308
956014552
-1419058449
1998146223
-228362906
-307440132
1324757033
612988480
1464583609
368117492
1933146757
944419814
-1054422855
-1235195245
1353436569
2112688960
1602410013
-275438964
-1884851021
-1628552996
-1028395131
-1218974844
-1515503532
1435819068
-1445307783
298263559
-801788445
-1364057241
1723950593
-305997961
-1066712893
20202963
859940526
2087189762
576127195
738870800
999843284
-2146205526
1886068320
1599971349
2085225731
-1877088286
-566594952
-690173525
1444048047
-1166740483
-1595169319
1356715573
1085233640
-634165146
16382449
-1957582957
1880096780
-501453433
209951123
1867949298
884482457
68626297
-1997304585
945588845
-1435945082
-216493355
1364034856
46227283
1879291338
-1932310117
1234807508
1093327246
-243297677
-1331757501
-212747241
1501904082
-1111660050
-1064716572
-95711630
1948065897
-1961157864
-691358414
-350543034
1834724626
-836017121
-1772670100
-1664697778
-1956833836
2042283472
435966303
1302044627
280372515
-1492579114
-126441679
1474533308
2146363917
-1011465521
-1058288394
2001658223
314973184
-1335640777
-873702226
509045652
1182411229
709649168
152268692
-1134428612
1984289414
-2049834280
-1488497605
1264919143
-1279018747
1697004305
-1611958640
1648547463
-417625355
-874791197
-158820264
534842525
-592228407
769717016
982384506
1730677144
1541872386
-1327987886
2029062348
-1153810849
1680711953
1752245503
597208524
1176703969
-1307197300
1192910967
1340751271
-325343999
692565360
-1568734165
-1535937665
-1765138589
-700224608
1486114810
92779151
1426911763
-858181226
2145862242
1367010654
-164393496
-1788574354
403650398
615761006
-303016125
1822663206
78261699
1585115179
-781419161
476287489
1104947232
117185679
387990636
1371345273
1865890072
447640857
-90985424
431549553
-1331789184
-1435252757
1126496430
103997544
1226166439
142420519
529664080
-1810091319
336011141
-809341908
-1542051682
-1828303568
785640734
-1077645023
1559288686
-1437436075
-984898442
1698411128
-5183617
255097271
-1218878984
-29545792
1274169934
-2028168803
1579171813
-205691459
-311970430
-790984305
1537609543
33582320
-101284464
847001098
-1720495516
121462604
207923768
627986385
-1139038033
1025666514
-1101864146
-1964565904
1446693528
-363424685
448673343
-1875159395
1853293928
-1502249088
1712584282
-429832822
486305963
1448337186
-1072120425
-11725314
-1979155620
1395037288
-1946968985
-1209276392
-1457830316
786781246
625570356
-1692415713
-949785845
449361504
-642082005
-308824648
1531794032
324352192
1272722099
1337975007
529581230
-734862365
-439147888
-1056780607
-1959458138
-530356505
1558709322
1506555085
-1571998387
1877179165
-680035141
-1348305551
-100107755
-224032749
2057999876
574640963
1054327415
-1354538232
-457023463
1075117262
-1941958742
-160400380
299311327
-829592681
-316181726
-1471791440
-2126704912
1794547044
2066781446
-2115442392
-1077738900
-919323040
-352860867
-1846443154
2124517240
-1026601373
-783837301
-275828142
-1249881673
-1717319862
79075702
1923158372
-272095678
-714009222
1055533544
-843056429
179855523
-1681110259
1913434301
1462584500
1588447862
-978922138
1605021008
368489133
627924660
378615883
-761934530
596026622
-1600812605
169631008
-2018007306
64642611
-1718787615
208596558
595435918
1070894439
1030306371
-1520522962
-573959395
280266629
-1802025628
2059491329
753736860
1269561212
746844900
738371124
1341024590
564131981
-716949611
-342734516
1423328100
919359288
94121337
1899351993
1755504315
1707806404
559916000
-2127840279
-1392997779
-1298674600
804821987
1186575156
-2140454572
-1130250690
385911279
-1544813316
-480931553
-1115243774
354038648
-1590344949
-1669702430
1989577687
-2055768183
-782815704
-1895522533
-1788557840
1934964271
1997354013
683578911
2013748192
313875254
-1852660016
-1013397414
1471160834
809955236
1058738337
-1401467628
-812984376
2078390946
804638748
-976219031
-81935575
959509614
-1647878448
-1499225805
-1335899036
1823814730
-939087422
410326925
135738789
-973626040
-1866543106
407549766
-554347863
420313461
215972625
1930426177
-1977952546
264053982
-1379357588
131407328
-1410826535
1863728028
213212330
346546371
1660719484
137708768
1459377612
-231611417
1529906671
-1147583374
1875813333
-814332572
-440997233
-63922305
1249403209
1425944418
-632347806
393386363
1888813724
1203185314
398754125
2130662442
-1750559786
-984115990
2093458801
1437111371
-1938759498
-740799389
-184576208
-212895107
1178580705
1923120564
73105752
692934881
-1473478293
-636749918
-1737536873
1615185400
-511714546
1968219566
642241359
-644811601
1205060137
1427651787
1332898344
850145336
591242176
-163249147
1985935241
-337036894
982003148
-422063583
1601421266
-2093282089
-1257037972
-105222274
-1500671880
-702992361
547777662
-1339502306
764247643
-409909274
-1086430101
-1981257556
-82160744
-1156911129
-856590127
37484254
831972367
-1322898852
902206744
-1271420979
-1000867836
1640570294
-861604244
1015703237
1355142416
-1360853634
1547464196
-243687125
889750392
-1225246757
2109122593
613635847
-1446930696
1160095736
1454514746
1659900686
-131076611
-542405571
-1445020185
606918069
-1656381330
969401500
210244497
-1971544751
1321415967
-80236313
643743530
-1964621638
-1207598320
-1091798609
1660965785
-136574678
117865028
-757491005
1325347807
-2062419453
-2134477268
-1194148890
2048570954
-273381336
2019735145
-10967874
-307268815
-1651084325
-1773414231
-1626746188
1069835646
714820193
-1698172138
891081658
1655900539
-1337118038
-1532308276
907242741
-1382404032
1409384486
1023380242
1202791661
-1530386874
-2072698803
112363470
498753157
875618506
-790936693
824641006
-253911413
-839523277
-889802799
683384207
1991581324
-40249637
-1521943687
-242174301
1851898450
-245354788
-717398179
827947363
-1825821170
-484222545
-1669680484
1460954061
173513119
-1908419331
1734939145
1210520468
1754860314
-601445458
1598371852
1391722145
230441874
-1872451210
364335217
78586356
-629077666
721746152
738840826
-1543774681
-1438239198
-681973502
1556425076
1742054252
-976728998
-113215383
-1896218215
816393056
-882132603
-552091036
1104276757
533408030
-774637077
2112580735
140613107
447438597
422992568
-1526637844
359993486
1751311180
-437587171
-976192567
-1768501913
-206907967
1175655367
831070309
-695236163
381553408
-635875471
-1610773265
2141435182
227137307
1734645516
996953110
-2021214595
1802611975
1445519362
-1420102310
-299475060
-1156530369
-1288104948
-2013457015
