-1390606306
-244969387
411947404
495656105
-143059512
1224805584
-1400689612
-1149139166
748182796
256690776
539324466
357249917
1145238488
86024413
-640922387
-179021996
2077422512
506102250
550016201
1297150728
-1697003718
246211503
1311096562
-1383402578
-828498985
1145347626
1066605041
498833259
1521995417
1897025227
1247714666
-97350732
214005529
2025122848
-897608950
209509539
-1570774626
-2075448505
1675252878
-1727238921
-1037178325
1511556040
-266196442
-1011233102
-1460339059
-594492837
-274992796
-1620589448
350818753
1689309791
318950078
-1536180699
351530567
-856380915
1785332470
1809782765
-1501745171
1062121249
1681020477
-1841559885
701643275
1797223665
-901496714
45852394
-977239512
586918210
-249405145
-2034412296
120879317
1747423025
-1024927486
801402001
-210960912
-2111344324
-803633723
-1037281018
725743904
224112520
-1851829551
905025701
1139205949
149654890
697896701
1816692992
-1693620266
770027255
-1374753968
-34945959
1381117518
1141402074
-277384726
336861767
574366964
319088108
-1931852133
767265949
-810162494
-1245271162
-1595856642
-493502260
636612619
973183344
-793377516
1688046999
273943767
932377733
-1837660585
1179912144
-525333310
1015880540
-287316272
22319335
-2075379763
-306622169
-603488367
194847044
-664695783
-1652802734
-1081320518
2140815127
1493896004
489335425
509600249
1872514188
-1105775448
-195758204
157464505
20957056
-1419173476
2010160803
-495498648
-403480345
2074354660
1126102764
990672009
42822292
1984325149
-407147807
-430071973
1004285740
1197269506
-616776157
-829380265
-1346651702
-1427802618
-34362407
-158041914
2115364508
-845983686
-747730887
785929791
-230760090
1453448574
-1505770693
-407439679
1585949475
-1461529699
1606860807
-1924220069
-1337057244
228619869
-1604621580
-1188113325
483133241
-518703497
-1273379723
135048828
-133016579
1367841844
749718404
-1043655136
168948552
1021355358
292301296
1206682058
-2137393085
1861476228
-1153734117
-1468303620
735800465
-122902177
-156411009
1505820198
2024168960
-498966485
-1324568551
-1922350768
113276034
2055638293
1446773215
-204218839
238892066
180842236
-1045777192
660206404
-1038864764
-2142761185
-763454707
-1017393890
-1997855666
-1865240463
281479372
-1705737341
-2040002617
807643316
1571492829
1703192723
1376904000
1359874688
1555449261
1769531990
2136215915
-1865161663
-919787536
-576626549
1958049518
218796351
372031501
-2132020974
734123601
730409756
-728395527
904446670
1551466796
-1815942961
1327376580
1026760024
677048585
-726005330
-142360298
-1640627660
2034566967
361572752
-1245546602
839668505
-530794201
1611087471
1253438293
-12890134
1720323321
-409387735
-236032530
1965377584
155522578
60635405
-457003483
-1421936656
1593831900
-1625488108
1083199279
753773453
138273119
1337871053
-310095862
1355947600
2008146337
1195598110
-1291776289
741673480
2131796074
-872354295
854236731
1793404803
438100912
-1933674685
1283343688
-1159387944
1489494660
967423053
-832123743
-663905514
-673783649
1644842411
2054393635
-920417146
-710217600
36221489
1063366285
-586083564
1324005429
371492996
1107280613
1696543489
1529889609
448932759
1233286641
1866408321
-1918529934
-1817447104
1811846609
-145197140
1457880690
1713551404
1606685754
-1248952641
867308528
809239478
-1735143446
-2004879351
-610296406
-2137145571
2098618992
2118000683
58332304
665711654
-396497505
-775193059
1750417586
-1018497551
1292399738
2071493746
139161317
284490546
959170889
2010102805
-1381514278
104660452
-817052046
1744263999
-146928337
-293368915
1805284709
-1830700815
-605628161
1854374705
-330569358
761152178
1264516911
1413679623
-1752730429
-931078665
1781959846
-301188334
-1073706817
-1373954477
230197896
-289188038
957703698
1155562748
561856550
131165504
1512024954
1684157932
1914702424
1594963694
1137546087
-996539030
-1358380250
-367943567
-12937958
-1864635071
-654839447
-1518582139
-2097770131
-10609245
-1927666202
816004328
2084314620
-1626370801
1892048062
-1220524994
144553201
386744674
-1101871025
32669356
-1661526839
135863576
-2122100324
1945564325
-1127056553
-2102260630
715891306
-1663354979
-1100642534
729528841
-253680659
-360667799
97117982
-292289806
172388260
-915244116
-509242342
-775707237
1145313702
981853595
-2013014186
565800054
2009376657
999009713
604286670
1992928641
-774273685
329375866
-291449472
-128487313
1204945176
1891139616
1829741813
-1799218987
-819370220
967853383
1892443136
-2068941975
-437954170
-1357448860
-1703554884
999476298
1710509959
878780911
1949936227
-173936504
-151191230
-2017813794
-967139676
409178746
994388453
1256399842
809291870
1029931855
-2136921030
946598813
-522281816
1737525642
263975453
1338825063
423655055
1978618478
2111679247
-154679227
161238896
1569771377
-635122995
1343427544
1004923674
1599119465
1046135374
865486556
-2062694351
1963937779
-548196481
2095571162
1786013406
-1683356102
-643896607
1464925296
770888120
-2064467636
-1521152815
-1929499649
772351650
895681515
815562436
-1676778571
-1706159555
1387372370
1919149644
-1800532607
1499041908
1438531944
-314357594
-112040615
-324629612
1161497321
-1974898375
865791742
-1135799371
-225628832
-1127665988
-1992570641
1105301574
-1615493919
-1076430079
744117070
1414787277
176888633
692265491
-834797516
-1567764518
957580066
456445398
-1170702602
1283478745
165824652
1800947245
-809356456
1040152979
-1102083811
1561726927
677825230
1039006375
-466264818
1934755141
2043296086
-199580957
-1877019826
-260288257
-1057593979
-1965801435
-1986105500
-215059467
1802994804
-1821642541
664171628
1387636920
-221925024
498834435
741185742
-1684801193
1012347049
-1676644269
1297311943
1036711739
1996104354
685306667
483117998
700398286
1701676500
63897370
1533400545
517539056
2068445628
1471873181
1093362572
-869223473
-754926924
1079823874
-191307838
-2047795548
1854794532
-2132271841
-145671339
1926410488
452286518
2017858155
-2134926245
-859116063
1500380779
-1086827551
39346977
1441935474
-949804755
1844449395
829315609
891493421
-1479287294
2014441463
-866566110
-934903169
1663627089
956597591
-2072518565
1911632564
-1049457783
786894873
-448210713
1190427095
-41899237
-1038573215
1884750006
-1045417131
1933189562
720999149
-575384819
896293327
-1853039406
-748319878
1535259465
-2013650684
1153057591
202040325
-859627582
-1324486607
-564448955
-733667880
-657497401
-2086642148
1597905995
1357195761
-1197084540
-715240646
-20616562
-282361415
1522144667
411264934
1599060666
1562387483
-722263584
152259875
-584047918
983360904
-655976227
-1203540662
-2145936468
-876856935
-326930353
-1404127721
-1954667566
346400605
-1819817394
243062019
-573563296
-1838205973
1880119463
1012738089
-955633343
-1759031128
-398936317
-1038049765
1534868917
-294931038
303050566
-1385612503
-54710009
-2125566385
-588223010
1424857212
1035317798
-407921157
1632356232
587653893
12544470
217252932
-1019018500
-144143728
-915154836
-2023195783
-916866446
-2038929719
-1313751784
-88093984
213099865
-1088667172
-1704878116
1139070497
2139577570
-895403657
761528996
-734903139
800531270
2113328250
-1908069746
1965257739
394992872
-733821036
-1756188511
-779338796
-545410965
95995454
-1103603300
-522604192
-1588494759
1300557634
428749023
2049925155
13920694
141040597
-2037576631
997728887
-179993267
1856328393
-290586226
-1937207569
1819740864
711359510
-1038216703
-631012948
1803370969
-627875609
-383504497
-1714704728
-1273948564
-812993709
-730794484
-473577066
1135282944
-1712165932
1415277009
-1315912432
-1880780879
-595408939
-472927119
-1649055957
760399555
1109594934
568141665
777900350
-1966504263
967582144
-2035111128
1567404613
1021153462
693549332
1605079141
-1770220404
-863685813
-644027897
682327609
-233337439
948685100
-1859472069
-90032599
1104667686
447628851
-98021700
-1614197647
2050384007
779023808
-156937398
-338107885
-973096316
-2115871932
722055115
2122835448
757503044
1222123233
277570083
1877662289
-626481807
-1113835482
-971058547
-1448911019
-1154658021
1855744967
-871551430
1047741121
-226517926
-1835028850
-804562673
-1409326476
1876730771
-1474660538
2019872100
1234457677
-214733786
-1105978266
-162264375
195802977
-57330775
-1606731849
684186843
-1107275538
875651743
1574259454
2103085631
-2046872507
-716974602
356891528
-568570262
-1672981084
-846365821
871555731
980307397
-1426441297
-493921885
2078597533
-979741951
-1055364862
-979172936
652777352
1326525915
1337038500
-1894976414
-1229564996
-1391313735
1664049268
-46831442
70752888
-1657096421
-1505432247
1266658363
760989901
-614480299
-630868623
-1848389413
-1941163921
461871050
1123325627
-1576927220
1384963015
-554861900
-123782033
-23020748
215921573
113500605
829932311
1726351242
-813456749
236537091
-150471065
247631850
610204647
465793177
1544803855
2288132
1014472256
-1753801038
-298705651
650768743
1359803384
-148231557
-22057978
77738355
-1091127933
547525172
-231627559
-337008228
2069851004
1226565928
1015233727
-392873986
-1671198613
1809898376
-280245039
520168083
1336328499
428471419
-101672275
-1652309518
87599786
-780691444
-758510815
1040547471
603658905
-1043542314
637401343
1828825299
536961933
88845851
-1886359933
-408000314
1983617056
-1109681685
188888121
148472117
-1312509976
-956160826
-19679580
-216457507
-535470880
-1232636429
-1819090854
2067098567
-1194641875
-1083752714
-449782766
-720675580
-1229384993
965456530
2098437049
1649043523
-935622215
-872294697
1050290502
746329831
1994539687
-181980118
1053808953
-1764280358
-19096571
-1142021872
-2064583904
253906980
-1112786891
1012398239
-788176958
1063385620
-1276971557
320876957
-736503288
-330989767
-1526054713
103749357
-550826910
-887202702
-1085036308
1517639074
1045565173
-1475329685
1845205727
-1256906710
-671325527
978084645
-590559063
-1019939047
-1997924767
669066908
-1403175862
-510274792
-1732138898
864590471
-259060093
-1244989206
-1966593771
-1297225405
1837562399
394777676
855938104
-121043030
-723305689
253478831
-1332442257
-1333910708
-1110945681
-869877154
2118469189
1521932607
-361684367
-32211550
1513896979
-1603000534
904560945
75410793
922390153
-1325037690
-500894646
-186232347
-608888420
-2127299510
1276483513
482718676
1064537100
1105834447
-853903832
1082589727
2118928661
-57079731
-1255262217
-1506999585
421870991
-41391101
-1729679559
-1946815507
1436330614
855680032
423497426
-1241988729
-175486383
-1955569358
-1184718006
-779348826
1684885410
924594117
-562931726
692368063
1429249454
-1588197414
-708127434
-2093416902
1683483692
1359968027
-841527816
1370890192
1819555708
977149921
273930427
-1377165555
919292733
1871293300
1579303743
-960972307
-1222443706
809002241
-422397877
-1884606081
964308943
744090826
468185508
-2059917809
-221311724
619219401
786788412
208198412
-1005646638
1345077559
-466942214
1324196281
710597447
1377324535
413729736
-728334426
241400071
-1926459828
-340470641
615672141
1552115780
912830616
817280691
-941486263
-490492327
-693687599
-399026152
140909009
1785030492
-12577664
-277755226
1790014987
1110413840
-577375830
1111073950
757726404
1911521016
-1598410036
-342215054
-762079411
-1722697641
2033217091
615776502
1190811022
-63812661
-636702203
1223005533
-1826690101
926991315
-1234014720
495072665
1739216627
-765689400
-303352309
1581171842
-172566278
-1384647879
1915920735
1498587051
649530091
1362769347
680767837
319624482
268176135
2021951032
-2135430289
2145898554
157902328
-1330171079
787053390
-1952639121
443196425
1925741304
766391407
346264117
1268086099
1193477874
263564419
-966272649
-1325011964
-818565677
1520819984
1402806794
-1702302076
88006060
-1357407864
549444840
1862580605
-109216032
-1283372766
17761012
957688667
1952090100
2108215153
1874598740
-1685633153
1154873325
348725993
-152754478
546699923
162926028
1103236436
1922718807
968985880
-1550618949
-1944363644
1216593489
885220824
2103286738
-608359604
258630739
-1814703527
-1218472186
-866820432
-26014625
-2046825275
1397185105
-2000012695
-1083151050
936945289
2061350640
-1938726445
965177837
1977691173
1927912716
-1832398565
-759501620
961513918
-1308992359
1826062097
343118637
-621858003
-991103694
2128202950
1539692422
1749468609
1094836068
1995062693
1883998134
1175994843
-1686542688
-1804867673
-1028603522
-459761367
1642253958
-1705499012
-1901046357
-921842741
-1983362131
316161883
-1403271736
-1495420196
-355750055
1331403471
-1978187407
-1873175710
-354158391
1577760031
-806240044
-1013506605
-186907375
-1880768561
1710288353
1665553071
-1506293042
-1517472676
-146139009
386669870
835108870
-654354644
1245155518
-316213698
1945190574
-576713582
-1709548415
-1142401215
1817049280
1953924918
1413336932
-594538909
-100960014
77114227
2084629051
-815242374
1693582255
263594013
705386856
1448409917
1894627963
1629280305
-2125488564
-1010400694
1395351012
744649115
642450610
1834862762
-1714549165
-812561876
-582734487
-1904472255
1029434972
1105571839
-1081097001
-844171981
1508531160
-1744226589
815185403
-852653125
1775151708
-1141975871
-1109979632
-118238863
1684055710
-898721829
-298142188
-1100869036
1197176077
1462131427
-1135875190
-1153994390
-389352411
186060344
1543969265
-743872079
-647080461
-1529019428
-1197554238
-405419078
136525745
-1493655741
810023460
-1049777807
2132914125
1753809225
-790149076
-1113239460
1429697995
-2062488787
-1021327039
-686249228
1629586467
1203069286
1790162559
-1973060861
-1152204109
-1908738226
1891262914
1043273819
-1907392061
-361245875
936084741
1592596404
-171487957
497230773
199750413
-811459085
-2099000206
-1671076536
-475766353
586769414
-383476302
-2093026017
-580462534
-1358559793
2029377908
-2077835153
-1475129799
-1667801319
1177483352
-2121020956
-1568248100
-1082996956
1776693322
1775599175
928794136
-174813085
384570880
-646231267
-637579700
745457700
-917434593
-418636674
1338573628
-1647681740
1560235078
250605116
-1936660138
-482733688
1777707086
293952311
-2001086216
1207260235
-1326329460
1881062411
3770405
-1242264321
891888468
972504516
1619186274
-1882834888
1332690021
-1758032567
-1075861841
92172391
-1771460711
-103187284
587710959
1431210751
-1126091917
-1628517762
-2029401992
1017766630
107525402
1253539162
-1187598493
1417731964
1454823674
54746422
1055301623
-909803725
981800886
341503587
-255601657
1043538529
-1686362384
-114406078
1676776508
1554462687
-1769393853
1222313702
-65416150
-1321805195
470064944
642272340
2059793514
-1138990279
-1942822893
-1061094464
452352422
1627560945
-1543513210
-1754955724
-1636239805
796358046
-1704199396
-1568629482
-1091231199
2028273625
-1732452741
1906993105
-1966061012
-1211959180
-1960000075
814879601
-567600999
-574694855
-1092198913
-1089533132
1719524270
-1047919729
-845052168
-948724492
987455251
-144283117
1782301981
720233931
-254573888
-2000976166
2132152788
1770599581
248648206
-1829126796
800651674
740396811
339465921
-739378942
2003958713
1005008555
864569415
139068000
1381214243
-1380473671
-428975858
132844426
-1659833416
-2009268088
16944216
1126657552
-1893745025
-1819734651
-1593412221
444655248
76837972
-364421750
1827438083
1266784651
-599953344
-1039790060
-1057872247
132497169
683348755
288424042
2080762890
-2118269250
962323944
-1180615277
-1727230406
400838260
-1733601188
1173969421
797158845
-84673461
1396176738
1654341901
-1061842836
-1264990146
-126344387
-401639464
448302494
883293967
1986348669
1908615654
-186572828
1358219818
-464327379
-872686327
-1031618171
