-1194987909
828760889
-32110675
1568189576
289492831
1921817546
-1093960110
335201284
438218797
-41098746
-1288933146
1801442615
-1780598325
-301356872
-398367651
74598792
2088416704
-1759495167
-462832058
596917533
-907245808
1098106937
1599983290
-867146561
-1815728240
-591727544
-803356567
-295860139
1759961218
2093816596
560911008
-599961279
-1509798138
1005508018
-655477404
1051412446
-1115131665
1289873164
-1039218819
1748070513
2080238978
1881014730
1190043497
-2102644574
16106642
1119527555
-1032421779
-499981474
-1806659129
-1519170387
-832267943
-751039588
1441286607
-1545993323
-86501093
-1386468532
1780470214
-52257037
305578897
1661542657
-531785712
-945318948
-1415551052
1410607632
1783709406
85043878
-956600494
170623424
-1000308078
1196582303
-764922210
669213796
1385240121
-1079056626
-856309816
-476420688
-1311685300
-281541236
-833514873
621068661
1269607115
-401999566
2091870391
-1507957712
-715346267
-552459851
-1312869191
-2063016457
1419205937
-1580860851
-549044000
1204431114
1936131236
1958164242
413343101
-1173131005
-825905349
1504914730
-2051615451
130924044
1024705059
-1818270984
545148075
-2094908632
-852716165
-369347244
1881177767
-1718960641
-260941397
-1141207100
-69171519
-1859925390
-340319159
1806272720
827795594
355715929
1740832760
489637423
15715266
-1890433126
-2085859716
594339686
-763598313
-599457675
-1709257199
-1071695317
-1301084467
1952404153
53110412
1352501440
-985875707
-967968990
1596342210
1006059172
984856769
153464901
1272616077
366872408
-589095732
157596538
-587026390
478624737
1279859043
493006847
655538274
768742649
1261152367
-2019660947
525357904
1958716337
1607829770
-602175785
474938354
-1963842501
302126946
-1961767089
477451393
-560186304
-1714557004
1382733179
-1039199978
1297976169
173904437
-642687745
1150527210
-1832367463
-153641772
-2125109022
-1318427954
69183287
-449719423
-1033813812
-1430627789
626269065
-1641906980
-1857908337
-1611278729
-1764107078
1131707516
-1077041320
-1305779196
-39953591
392581001
-2091737508
-267239536
1153199135
-822781165
-1708167156
321156024
1660617361
234804090
458669851
93860940
-540340847
311839055
-1594922967
-1578621362
-2030386859
1143417249
-1118098425
1445308546
-259076505
-1135307268
-1229370135
2114197745
-2124834699
1613714132
1489659964
1442041631
-214499357
1005716217
-1386533460
1834783996
-113430712
-1389366985
746038116
605291300
-490773439
-865100028
1682996309
-942712981
931940288
1000048192
-1576747801
-988001215
-1664026862
-520496421
14999638
13500900
-960209503
1558933260
-2057140585
976723022
-21353769
-374402773
-1489982425
-820998218
464062145
-128422841
830356877
251506061
116085639
948979066
-435766861
450411187
-1666835474
1462015043
-1552404452
2026124840
206793881
-1622336006
-1222885319
1704538196
615728921
-1779807597
488437202
-1642905793
652588220
752658241
-1204165783
-2124613531
-2075129363
-1890216822
1863746036
230108877
-1994973005
383608920
1271684559
-1117671663
-836203076
1551012564
-116706864
-1109236981
-1090729077
2074217930
145271046
-1579485531
1184731631
1302406816
-2021579499
1614196709
1075278878
-170067071
-308571293
463837869
-2022158451
-1584926957
877982441
-395812517
-1727063459
330242701
1853828536
558478810
-1692729345
362609998
-653011783
-257294208
-1717930742
-1154008268
433932835
1004744813
1817267120
802823994
568950842
-481609919
1717523095
-80540843
331390113
-1157561121
184146404
890579190
-1159452468
1767311324
-79232760
-1195919092
-1657844205
-1448973473
-1292070780
2088223500
-429324062
-1250652210
1983480868
1448056995
-603200059
-2129745848
1883478898
172205954
-1604365287
2053318614
-1921891163
441773631
-1023306049
-1399762127
-31466401
1794254734
367375907
1037204411
-1729720064
961744609
-1444798504
-2108351290
-830834397
-391294366
1352195307
-473476248
-1890769219
-1088618392
-1796708500
1866553605
-1926399117
-802340309
-1350475694
534648651
-1115254582
804057424
-304804094
-203395598
467810822
1728246657
406481838
2045395881
-1180758606
1405229230
1907237246
665401882
-358001761
-886666444
1270714706
-1146222528
-327663723
-321416760
-226104085
-164901974
756234664
144638929
178692026
-1507284145
504308693
-109944986
-1666318327
1916127614
-1045125654
1854681166
-1952412500
-1464189586
-1987406093
1480403889
-2089937665
828750067
-487969167
-630356579
557891430
398953379
1385170548
-769317144
156146212
862371018
1931451501
1778794695
552820670
1591841966
1776443361
-27778362
875369401
-1207371215
-2145068957
-974538761
-2096866025
18233793
480446843
1050272796
-121307269
1059940987
-1270346238
-1075066687
-212791534
1715782000
-2002739239
-1935791568
190300583
-760563011
1550296454
577812131
739820047
-1636209972
-187014529
545445558
-629137253
1904393367
484642900
-369102195
999032507
-1325678484
1018003377
318266430
522520087
1496710320
743480578
-518900618
-352329368
1357550451
-758895843
-1443330338
1477572574
1111744470
1132718132
971095213
-265338446
-2094805573
-141146577
654264928
-1952125341
1204071534
1646021749
1073085821
-1973342553
-2002509968
1741301495
615245980
-1086490451
1531963959
-766525667
-599198910
-1289021036
2052599568
749562851
2087868891
605195696
2077702472
1603953235
-448273428
-106450467
909382933
449849859
114376610
-986203125
369637125
-986892053
-779409961
484482871
2037358577
774822210
-886319323
299864288
717666640
1923016825
413032618
1261986771
-1970631687
655257100
-1049566803
43186839
-325744173
-2002881520
700354534
586903527
-1076804216
-1038464832
-1269871348
735667301
-1494010461
32837736
-1373325009
-575096035
366739782
-1029389449
-2144819768
-1044462423
-1526559000
723855612
276640016
-543828408
2001542789
-524927302
779073836
1891579773
1914737333
1135550220
-2106912078
1282496142
184573365
-999234115
755266149
1784850447
-1049429130
-1347574722
320805612
1003487197
1636003657
1547828072
-888434633
-623949211
2134715221
-1254547595
-1135347894
1056577742
-1958677720
-1947229080
-247221951
-1428846155
1122309044
2068135758
-2131835349
711585684
-747869004
1866426105
1203570262
786405397
-1086371275
-2011347995
712730903
-1293544606
1270957476
-471775761
-1480492435
-770114606
467542131
-2075383618
1539906994
1721718364
335743337
1943884085
781970306
1605852679
981194970
-285792055
876338484
290246213
153387462
-1490704801
-1586993941
614349973
-1443856791
559960939
-1723328159
-796446241
722042113
-92854704
1534862605
1672562946
-1177794898
-1649489830
-1383485375
-1943827018
568256931
695907880
-1691921199
800700314
1052184275
-1756266876
1247555157
657822872
-340993979
1270196692
-1026477122
-1569583925
-363281440
1364434497
-1560224843
1966265190
561252428
-1123666910
-1597595308
-1459734542
-1010125762
-252614399
-1930253271
175764202
-161231399
824437013
-1459993293
1425973827
-284506624
-386547086
1518399461
-344248646
-670791925
-19141634
-1880167775
175504373
1311521556
1085563190
512258953
2062518677
-1681696856
1832147660
-628084327
378860232
705833064
-2078696550
1033294651
-116024800
903196655
1672100745
-1647031787
1353232766
688012576
255030461
1772004238
-266401116
-366885459
1227507551
1242113132
1882662589
-783367151
1522785207
944955420
-1420828902
2003833414
-751481577
-143403777
1783724457
-1829182764
-319806974
-1007746110
1098409370
1132034637
1717759030
1291624853
-847772847
1057808006
1440602661
-1361461312
1345756077
-1958483152
141095620
710102674
1058617681
-370939321
-442917800
-302635060
670607122
1756480042
-1021470772
-28138344
-928039139
382908057
551733587
1763327814
-1177032987
-456778563
-806276907
-1916628040
679093564
1977410177
-1841926918
-359086859
-107675600
-1868926728
-1564949412
-1951005939
-129341638
-1846323280
-1807708714
-1082786930
-1563156173
1675838290
-1810269301
-84769666
-822542100
1080765983
373179237
1412986647
-928818364
-663483863
-876946287
2080832765
-311537820
553693350
-1536623467
1182453293
-391686354
1128885845
-371996630
630884721
509223482
982636088
213198566
146690595
-1815731160
-1946735023
-1629715285
-257917913
242407059
-545144653
-915280906
1460793086
-2107474621
721708641
-1896805512
814793264
33053058
1611489791
-2048818237
-419601001
-1762244134
-572959856
-1419481766
-1220459350
-1465149693
-1772706688
1666552316
1057688308
1188782914
1845247522
-1833671278
1216503217
-615723830
-2099046629
-1787106053
249392968
1147236062
934212061
324085914
391165104
1302959838
-1604628462
1507713191
-1121779638
1443024894
-678193496
1242030041
35831563
689164093
-759685906
-1024982074
482120085
-1612137677
1318983315
-1533978805
93366357
479722609
1464517736
964889224
-99327785
1759699529
860609252
-1396806909
-244457247
1880353174
-1168888417
123925508
4894490
-1543210062
-460189889
-1669742602
-699187181
-1017575531
-1927610069
-50714814
798179962
-746776504
1807022239
1293293059
-1544135230
-803630995
863026068
-1131813266
-1710780153
-139681767
-293754169
2020575447
-1034398660
-2112660469
589276138
980768973
1676503017
-905894368
334913505
226120514
-150152683
-1319831662
1520150022
-629786799
-1487251676
-692267372
-2018437841
-1238647549
-660768738
1869712459
1415621249
1774362490
-969969161
-62376415
851012965
-830317156
849126281
1014210139
1814303986
1525440589
-765898590
-1077956677
1857930321
1691134940
663554282
805302271
-1349947220
-715247492
154878292
-1017734601
-981075779
-1128019704
-2064797643
1560437220
1222556344
552943281
-905543513
-2117406441
255472323
1411721746
1843102363
2037885065
-760959390
-1616649315
717480764
469465783
1218430914
658948648
-1226807622
-608383511
417283622
1895329418
1316708397
660477865
2082091066
-1265821671
-252195261
714027106
10533333
-132757736
-14755614
-647205365
-1702953213
1884980062
1275735661
-1572915308
1094098032
-299318569
508046006
858216208
657926073
931715336
1176043279
1570434825
-1841765204
-1607618643
-1509363434
146752104
-48138443
1397682644
92517980
-452309020
570965774
570942459
-974456704
162511435
-1234992745
-1712011082
92509769
1080215849
258292485
-1193878558
2099787267
-1670745465
-1024318789
-1000916016
1708823823
756994354
-188752916
796369987
1498926109
-664256762
-2110201655
362883642
766245424
1477175167
-522171314
953609435
-214752473
939126726
1607399879
-2141978845
68361767
-1407015004
2083212648
379919556
-2112876420
-1294520016
-627346134
-789132033
1328766301
177705939
-1094223501
1167320728
1959337181
-1626510615
-961232987
349757209
2076094413
1967549747
1285805774
-699430225
-174952599
-1617314313
872901521
-791752794
-311420131
-201034689
-1760276610
-1460239446
582963744
-1369771441
2052619623
1333896575
-1769462029
1875084183
-1409372906
1676516033
226119257
331697970
448051284
-359704540
-1712124647
-1263410972
-1831735331
-494711026
808088906
1271419206
-1088195863
-583381375
1003848656
-1864385528
-389844584
-933658103
743720487
1691527248
1394566413
-560260851
620438253
396324588
-1487185202
1853334573
-1850859053
-853297861
-48241372
-1002554283
-1426388275
-253396607
2069276374
1156632929
-1216583273
955899774
222833751
-1036625719
-1691021064
1731466346
1926228674
1864249962
-1693518610
-2063617121
886831218
-2082849756
-685388537
-1843678344
-581035876
1557743561
-927223159
1023782711
-417251149
-1592508286
-1587428695
-1453352362
672791501
898601609
1414823380
74836247
1278120614
-367850123
-197643541
944208623
-1831514695
2011361002
890047784
1652751582
852520687
-516162625
1789112859
1461137842
406737863
-1079415094
1423138849
-1831288994
-1434572032
-1239924912
993332992
1727204473
-2060681760
1945338808
1689500543
-1594382023
-1910148463
343795183
-515335053
-233951507
-1140507422
-437476906
1633657230
-334737907
-861681607
-413023648
-465209050
149813520
2066150173
-1377926760
1844125549
-1848441007
1839244214
-673717545
992008164
64915620
-2146734496
-259663867
1387129525
845133670
-2116756872
-1868340798
-937683316
274846137
1574588851
-1869115022
2031935042
-2098629993
1175854558
14666076
-912028442
690760438
-959303425
1202952946
-244539309
-1478888523
1972577134
563910573
-342915435
382958587
-1395683741
-1472628607
-496632205
-282599319
-1606277645
-278936963
-274534583
-875176095
-954241935
-177614649
-901951183
-863991719
451055704
-2135055610
-1722760842
212577307
1823202098
1387978585
1532850784
-768029717
-228329920
711932421
1642096299
-1364136475
-1584563395
-1819207757
-276931622
-1693867799
1221774729
-1750210562
1169069191
-1732063876
133105360
-1926436134
501488613
940402360
793552130
-1739731962
68973233
2122396861
1576767477
-2005587177
1665520923
399338494
1634516606
-917757835
-1309814459
938047289
1490669496
976855275
-54584285
441648979
-302672968
2060568025
-2096397667
717883934
-554517208
1315884256
1863132396
798471893
-851616505
-1546141806
-1893876442
-18174043
-1908525777
1094253056
-1542183
41713057
-901759311
-1143642610
152938498
1222547240
-674338351
568400778
-178813033
2885990
839958579
297501342
653761098
1881958692
63298511
-1882882287
1362989896
89276657
1300540318
-634431429
682231049
431746734
-98578097
425700871
-864162408
-1711283812
566448223
74601585
1985003319
947499717
1662888442
1258595033
-567693655
700197053
46919343
-1535568987
-1075529086
1027815182
1937519914
803813667
393124673
-1078260305
-12631036
1907421915
-1473376520
51609717
-328362778
698602969
-1523592424
-508895328
-258288588
-103790751
737910225
-1341517860
-2078231824
-870794728
1202669583
-1917836735
1216658507
-1791728693
401054587
208967162
-1646250496
368957637
-346784525
-1576850602
1303599083
-988857643
1757871360
1299262162
-1831052911
198249417
-1351318817
-1597378002
460261787
-1689060432
-998514927
-889428791
-428949096
-867483247
643386689
-244265602
1088532631
368658159
-1770581054
-1567610480
625643283
980237975
619106581
-1333507941
1486233334
-1268668727
-717478463
-864165115
1940878071
-870657882
1731746262
-2049431151
-717550254
587413912
2089973021
972134845
-1785334893
-873263600
234841525
-1655614226
1775966507
304091019
1917056205
713761195
-153129616
-1972526527
283055740
-1592976389
619669171
30055745
1841306026
1244249085
513346629
2070290392
-42800499
-1656718495
219972081
-702218909
-428349021
-550775598
-661820991
2055223934
1847193696
2048587410
1866183674
-1428031860
-737698312
1298725053
-1215560408
-38549460
605276341
96214148
-1284846955
1063707017
2046264461
-219259394
-296753974
1719254571
-253378098
-1456096055
-52570017
-1593268148
-1723307118
-1149164662
-745613156
1403639297
-1462059095
-100432714
1257256443
1939331881
1429518677
-2096192242
1327524976
-1548026205
-225203554
-1992372444
-1561648848
342949451
-212455144
-2110134682
-495188971
-354720704
2032021236
890371441
1442725141
245944124
481205000
-574706790
298232816
-1217570076
224108662
-2101420746
1073997417
1520713166
-2132813378
-599663682
-326829023
1228932242
90474797
-824593116
-2065892715
565944523
2120364726
-1999170321
1343378511
-1077228183
-831483223
991350096
935941646
1206885080
1678442844
-1544805172
323815033
1265340132
-1605027537
-153067070
-109069219
-1505738804
485505786
-867497593
1198961872
-1587333318
1079180788
-1742791583
2087868840
-1034067160
1652067126
-1492373502
1986956372
-1528826047
514526836
599978727
153884201
-1923463326
1564423693
1494546727
-1716499860
869060581
-1630545767
1816046447
-702503559
2001593590
-2046028232
1986208236
-1656322557
-1273911229
2042300490
1139634170
-548031212
-1504168173
-522556675
-962761560
-51773364
173057603
-92644245
